0 0
1 -9510
2 -5877
3 5877
4 9510
5 0
6 -9510
7 -5877
8 5877
9 9510
10 0
11 -9510
12 -5877
13 5877
14 9510
15 0
16 -9510
17 -5877
18 5877
19 9510
20 0
21 -9510
22 -5877
23 5877
24 9510
25 0
26 -9510
27 -5877
28 5877
29 9510
30 0
31 -9510
32 -5877
33 5877
34 9510
35 0
36 -9510
37 -5877
38 5877
39 9510
40 0
41 -9510
42 -5877
43 5877
44 9510
45 0
46 -9510
47 -5877
48 5877
49 9510
50 0
51 -9510
52 -5877
53 5877
54 9510
55 0
56 -9510
57 -5877
58 5877
59 9510
60 0
61 -9510
62 -5877
63 5877
64 9510
65 0
66 -9510
67 -5877
68 5877
69 9510
70 0
71 -9510
72 -5877
73 5877
74 9510
75 0
76 -9510
77 -5877
78 5877
79 9510
80 0
81 -9510
82 -5877
83 5877
84 9510
85 0
86 -9510
87 -5877
88 5877
89 9510
90 0
91 -9510
92 -5877
93 5877
94 9510
95 0
96 -9510
97 -5877
98 5877
99 9510
100 0
101 -9510
102 -5877
103 5877
104 9510
105 0
106 -9510
107 -5877
108 5877
109 9510
110 0
111 -9510
112 -5877
113 5877
114 9510
115 0
116 -9510
117 -5877
118 5877
119 9510
120 0
121 -9510
122 -5877
123 5877
124 9510
125 0
126 -9510
127 -5877
128 5877
129 9510
130 0
131 -9510
132 -5877
133 5877
134 9510
135 0
136 -9510
137 -5877
138 5877
139 9510
140 0
141 -9510
142 -5877
143 5877
144 9510
145 0
146 -9510
147 -5877
148 5877
149 9510
150 0
151 -9510
152 -5877
153 5877
154 9510
155 0
156 -9510
157 -5877
158 5877
159 9510
160 0
161 -9510
162 -5877
163 5877
164 9510
165 0
166 -9510
167 -5877
168 5877
169 9510
170 0
171 -9510
172 -5877
173 5877
174 9510
175 0
176 -9510
177 -5877
178 5877
179 9510
180 0
181 -9510
182 -5877
183 5877
184 9510
185 0
186 -9510
187 -5877
188 5877
189 9510
190 0
191 -9510
192 -5877
193 5877
194 9510
195 0
196 -9510
197 -5877
198 5877
199 9510
200 0
201 -9510
202 -5877
203 5877
204 9510
205 0
206 -9510
207 -5877
208 5877
209 9510
210 0
211 -9510
212 -5877
213 5877
214 9510
215 0
216 -9510
217 -5877
218 5877
219 9510
220 0
221 -9510
222 -5877
223 5877
224 9510
225 0
226 -9510
227 -5877
228 5877
229 9510
230 0
231 -9510
232 -5877
233 5877
234 9510
235 0
236 -9510
237 -5877
238 5877
239 9510
240 0
241 -9510
242 -5877
243 5877
244 9510
245 0
246 -9510
247 -5877
248 5877
249 9510
250 0
251 -9510
252 -5877
253 5877
254 9510
255 0
256 -9510
257 -5877
258 5877
259 9510
260 0
261 -9510
262 -5877
263 5877
264 9510
265 0
266 -9510
267 -5877
268 5877
269 9510
270 0
271 -9510
272 -5877
273 5877
274 9510
275 0
276 -9510
277 -5877
278 5877
279 9510
280 0
281 -9510
282 -5877
283 5877
284 9510
285 0
286 -9510
287 -5877
288 5877
289 9510
290 0
291 -9510
292 -5877
293 5877
294 9510
295 0
296 -9510
297 -5877
298 5877
299 9510
300 0
301 -9510
302 -5877
303 5877
304 9510
305 0
306 -9510
307 -5877
308 5877
309 9510
310 0
311 -9510
312 -5877
313 5877
314 9510
315 0
316 -9510
317 -5877
318 5877
319 9510
320 0
321 -9510
322 -5877
323 5877
324 9510
325 0
326 -9510
327 -5877
328 5877
329 9510
330 0
331 -9510
332 -5877
333 5877
334 9510
335 0
336 -9510
337 -5877
338 5877
339 9510
340 0
341 -9510
342 -5877
343 5877
344 9510
345 0
346 -9510
347 -5877
348 5877
349 9510
350 0
351 -9510
352 -5877
353 5877
354 9510
355 0
356 -9510
357 -5877
358 5877
359 9510
360 0
361 -9510
362 -5877
363 5877
364 9510
365 0
366 -9510
367 -5877
368 5877
369 9510
370 0
371 -9510
372 -5877
373 5877
374 9510
375 0
376 -9510
377 -5877
378 5877
379 9510
380 0
381 -9510
382 -5877
383 5877
384 9510
385 0
386 -9510
387 -5877
388 5877
389 9510
390 0
391 -9510
392 -5877
393 5877
394 9510
395 0
396 -9510
397 -5877
398 5877
399 9510
400 0
401 -9510
402 -5877
403 5877
404 9510
405 0
406 -9510
407 -5877
408 5877
409 9510
410 0
411 -9510
412 -5877
413 5877
414 9510
415 0
416 -9510
417 -5877
418 5877
419 9510
420 0
421 -9510
422 -5877
423 5877
424 9510
425 0
426 -9510
427 -5877
428 5877
429 9510
430 0
431 -9510
432 -5877
433 5877
434 9510
435 0
436 -9510
437 -5877
438 5877
439 9510
440 0
441 -9510
442 -5877
443 5877
444 9510
445 0
446 -9510
447 -5877
448 5877
449 9510
450 0
451 -9510
452 -5877
453 5877
454 9510
455 0
456 -9510
457 -5877
458 5877
459 9510
460 0
461 -9510
462 -5877
463 5877
464 9510
465 0
466 -9510
467 -5877
468 5877
469 9510
470 0
471 -9510
472 -5877
473 5877
474 9510
475 0
476 -9510
477 -5877
478 5877
479 9510
480 0
481 -9510
482 -5877
483 5877
484 9510
485 0
486 -9510
487 -5877
488 5877
489 9510
490 0
491 -9510
492 -5877
493 5877
494 9510
495 0
496 -9510
497 -5877
498 5877
499 9510
500 0
501 -9510
502 -5877
503 5877
504 9510
505 0
506 -9510
507 -5877
508 5877
509 9510
510 0
511 -9510
512 -5877
513 5877
514 9510
515 0
516 -9510
517 -5877
518 5877
519 9510
520 0
521 -9510
522 -5877
523 5877
524 9510
525 0
526 -9510
527 -5877
528 5877
529 9510
530 0
531 -9510
532 -5877
533 5877
534 9510
535 0
536 -9510
537 -5877
538 5877
539 9510
540 0
541 -9510
542 -5877
543 5877
544 9510
545 0
546 -9510
547 -5877
548 5877
549 9510
550 0
551 -9510
552 -5877
553 5877
554 9510
555 0
556 -9510
557 -5877
558 5877
559 9510
560 0
561 -9510
562 -5877
563 5877
564 9510
565 0
566 -9510
567 -5877
568 5877
569 9510
570 0
571 -9510
572 -5877
573 5877
574 9510
575 0
576 -9510
577 -5877
578 5877
579 9510
580 0
581 -9510
582 -5877
583 5877
584 9510
585 0
586 -9510
587 -5877
588 5877
589 9510
590 0
591 -9510
592 -5877
593 5877
594 9510
595 0
596 -9510
597 -5877
598 5877
599 9510
600 0
601 -9510
602 -5877
603 5877
604 9510
605 0
606 -9510
607 -5877
608 5877
609 9510
610 0
611 -9510
612 -5877
613 5877
614 9510
615 0
616 -9510
617 -5877
618 5877
619 9510
620 0
621 -9510
622 -5877
623 5877
624 9510
625 0
626 -9510
627 -5877
628 5877
629 9510
630 0
631 -9510
632 -5877
633 5877
634 9510
635 0
636 -9510
637 -5877
638 5877
639 9510
640 0
641 -9510
642 -5877
643 5877
644 9510
645 0
646 -9510
647 -5877
648 5877
649 9510
650 0
651 -9510
652 -5877
653 5877
654 9510
655 0
656 -9510
657 -5877
658 5877
659 9510
660 0
661 -9510
662 -5877
663 5877
664 9510
665 0
666 -9510
667 -5877
668 5877
669 9510
670 0
671 -9510
672 -5877
673 5877
674 9510
675 0
676 -9510
677 -5877
678 5877
679 9510
680 0
681 -9510
682 -5877
683 5877
684 9510
685 0
686 -9510
687 -5877
688 5877
689 9510
690 0
691 -9510
692 -5877
693 5877
694 9510
695 0
696 -9510
697 -5877
698 5877
699 9510
700 0
701 -9510
702 -5877
703 5877
704 9510
705 0
706 -9510
707 -5877
708 5877
709 9510
710 0
711 -9510
712 -5877
713 5877
714 9510
715 0
716 -9510
717 -5877
718 5877
719 9510
720 0
721 -9510
722 -5877
723 5877
724 9510
725 0
726 -9510
727 -5877
728 5877
729 9510
730 0
731 -9510
732 -5877
733 5877
734 9510
735 0
736 -9510
737 -5877
738 5877
739 9510
740 0
741 -9510
742 -5877
743 5877
744 9510
745 0
746 -9510
747 -5877
748 5877
749 9510
750 0
751 -9510
752 -5877
753 5877
754 9510
755 0
756 -9510
757 -5877
758 5877
759 9510
760 0
761 -9510
762 -5877
763 5877
764 9510
765 0
766 -9510
767 -5877
768 5877
769 9510
770 0
771 -9510
772 -5877
773 5877
774 9510
775 0
776 -9510
777 -5877
778 5877
779 9510
780 0
781 -9510
782 -5877
783 5877
784 9510
785 0
786 -9510
787 -5877
788 5877
789 9510
790 0
791 -9510
792 -5877
793 5877
794 9510
795 0
796 -9510
797 -5877
798 5877
799 9510
800 0
801 -9510
802 -5877
803 5877
804 9510
805 0
806 -9510
807 -5877
808 5877
809 9510
810 0
811 -9510
812 -5877
813 5877
814 9510
815 0
816 -9510
817 -5877
818 5877
819 9510
820 0
821 -9510
822 -5877
823 5877
824 9510
825 0
826 -9510
827 -5877
828 5877
829 9510
830 0
831 -9510
832 -5877
833 5877
834 9510
835 0
836 -9510
837 -5877
838 5877
839 9510
840 0
841 -9510
842 -5877
843 5877
844 9510
845 0
846 -9510
847 -5877
848 5877
849 9510
850 0
851 -9510
852 -5877
853 5877
854 9510
855 0
856 -9510
857 -5877
858 5877
859 9510
860 0
861 -9510
862 -5877
863 5877
864 9510
865 0
866 -9510
867 -5877
868 5877
869 9510
870 0
871 -9510
872 -5877
873 5877
874 9510
875 0
876 -9510
877 -5877
878 5877
879 9510
880 0
881 -9510
882 -5877
883 5877
884 9510
885 0
886 -9510
887 -5877
888 5877
889 9510
890 0
891 -9510
892 -5877
893 5877
894 9510
895 0
896 -9510
897 -5877
898 5877
899 9510
900 0
901 -9510
902 -5877
903 5877
904 9510
905 0
906 -9510
907 -5877
908 5877
909 9510
910 0
911 -9510
912 -5877
913 5877
914 9510
915 0
916 -9510
917 -5877
918 5877
919 9510
920 0
921 -9510
922 -5877
923 5877
924 9510
925 0
926 -9510
927 -5877
928 5877
929 9510
930 0
931 -9510
932 -5877
933 5877
934 9510
935 0
936 -9510
937 -5877
938 5877
939 9510
940 0
941 -9510
942 -5877
943 5877
944 9510
945 0
946 -9510
947 -5877
948 5877
949 9510
950 0
951 -9510
952 -5877
953 5877
954 9510
955 0
956 -9510
957 -5877
958 5877
959 9510
960 0
961 -9510
962 -5877
963 5877
964 9510
965 0
966 -9510
967 -5877
968 5877
969 9510
970 0
971 -9510
972 -5877
973 5877
974 9510
975 0
976 -9510
977 -5877
978 5877
979 9510
980 0
981 -9510
982 -5877
983 5877
984 9510
985 0
986 -9510
987 -5877
988 5877
989 9510
990 0
991 -9510
992 -5877
993 5877
994 9510
995 0
996 -9510
997 -5877
998 5877
999 9510
1000 0
1001 -9510
1002 -5877
1003 5877
1004 9510
1005 0
1006 -9510
1007 -5877
1008 5877
1009 9510
1010 0
1011 -9510
1012 -5877
1013 5877
1014 9510
1015 0
1016 -9510
1017 -5877
1018 5877
1019 9510
1020 0
1021 -9510
1022 -5877
1023 5877
1024 9510
1025 0
1026 -9510
1027 -5877
1028 5877
1029 9510
1030 0
1031 -9510
1032 -5877
1033 5877
1034 9510
1035 0
1036 -9510
1037 -5877
1038 5877
1039 9510
1040 0
1041 -9510
1042 -5877
1043 5877
1044 9510
1045 0
1046 -9510
1047 -5877
1048 5877
1049 9510
1050 0
1051 -9510
1052 -5877
1053 5877
1054 9510
1055 0
1056 -9510
1057 -5877
1058 5877
1059 9510
1060 0
1061 -9510
1062 -5877
1063 5877
1064 9510
1065 0
1066 -9510
1067 -5877
1068 5877
1069 9510
1070 0
1071 -9510
1072 -5877
1073 5877
1074 9510
1075 0
1076 -9510
1077 -5877
1078 5877
1079 9510
1080 0
1081 -9510
1082 -5877
1083 5877
1084 9510
1085 0
1086 -9510
1087 -5877
1088 5877
1089 9510
1090 0
1091 -9510
1092 -5877
1093 5877
1094 9510
1095 0
1096 -9510
1097 -5877
1098 5877
1099 9510
1100 0
1101 -9510
1102 -5877
1103 5877
1104 9510
1105 0
1106 -9510
1107 -5877
1108 5877
1109 9510
1110 0
1111 -9510
1112 -5877
1113 5877
1114 9510
1115 0
1116 -9510
1117 -5877
1118 5877
1119 9510
1120 0
1121 -9510
1122 -5877
1123 5877
1124 9510
1125 0
1126 -9510
1127 -5877
1128 5877
1129 9510
1130 0
1131 -9510
1132 -5877
1133 5877
1134 9510
1135 0
1136 -9510
1137 -5877
1138 5877
1139 9510
1140 0
1141 -9510
1142 -5877
1143 5877
1144 9510
1145 0
1146 -9510
1147 -5877
1148 5877
1149 9510
1150 0
1151 -9510
1152 -5877
1153 5877
1154 9510
1155 0
1156 -9510
1157 -5877
1158 5877
1159 9510
1160 0
1161 -9510
1162 -5877
1163 5877
1164 9510
1165 0
1166 -9510
1167 -5877
1168 5877
1169 9510
1170 0
1171 -9510
1172 -5877
1173 5877
1174 9510
1175 0
1176 -9510
1177 -5877
1178 5877
1179 9510
1180 0
1181 -9510
1182 -5877
1183 5877
1184 9510
1185 0
1186 -9510
1187 -5877
1188 5877
1189 9510
1190 0
1191 -9510
1192 -5877
1193 5877
1194 9510
1195 0
1196 -9510
1197 -5877
1198 5877
1199 9510
1200 0
1201 -9510
1202 -5877
1203 5877
1204 9510
1205 0
1206 -9510
1207 -5877
1208 5877
1209 9510
1210 0
1211 -9510
1212 -5877
1213 5877
1214 9510
1215 0
1216 -9510
1217 -5877
1218 5877
1219 9510
1220 0
1221 -9510
1222 -5877
1223 5877
1224 9510
1225 0
1226 -9510
1227 -5877
1228 5877
1229 9510
1230 0
1231 -9510
1232 -5877
1233 5877
1234 9510
1235 0
1236 -9510
1237 -5877
1238 5877
1239 9510
1240 0
1241 -9510
1242 -5877
1243 5877
1244 9510
1245 0
1246 -9510
1247 -5877
1248 5877
1249 9510
1250 0
1251 -9510
1252 -5877
1253 5877
1254 9510
1255 0
1256 -9510
1257 -5877
1258 5877
1259 9510
1260 0
1261 -9510
1262 -5877
1263 5877
1264 9510
1265 0
1266 -9510
1267 -5877
1268 5877
1269 9510
1270 0
1271 -9510
1272 -5877
1273 5877
1274 9510
1275 0
1276 -9510
1277 -5877
1278 5877
1279 9510
1280 0
1281 -9510
1282 -5877
1283 5877
1284 9510
1285 0
1286 -9510
1287 -5877
1288 5877
1289 9510
1290 0
1291 -9510
1292 -5877
1293 5877
1294 9510
1295 0
1296 -9510
1297 -5877
1298 5877
1299 9510
1300 0
1301 -9510
1302 -5877
1303 5877
1304 9510
1305 0
1306 -9510
1307 -5877
1308 5877
1309 9510
1310 0
1311 -9510
1312 -5877
1313 5877
1314 9510
1315 0
1316 -9510
1317 -5877
1318 5877
1319 9510
1320 0
1321 -9510
1322 -5877
1323 5877
1324 9510
1325 0
1326 -9510
1327 -5877
1328 5877
1329 9510
1330 0
1331 -9510
1332 -5877
1333 5877
1334 9510
1335 0
1336 -9510
1337 -5877
1338 5877
1339 9510
1340 0
1341 -9510
1342 -5877
1343 5877
1344 9510
1345 0
1346 -9510
1347 -5877
1348 5877
1349 9510
1350 0
1351 -9510
1352 -5877
1353 5877
1354 9510
1355 0
1356 -9510
1357 -5877
1358 5877
1359 9510
1360 0
1361 -9510
1362 -5877
1363 5877
1364 9510
1365 0
1366 -9510
1367 -5877
1368 5877
1369 9510
1370 0
1371 -9510
1372 -5877
1373 5877
1374 9510
1375 0
1376 -9510
1377 -5877
1378 5877
1379 9510
1380 0
1381 -9510
1382 -5877
1383 5877
1384 9510
1385 0
1386 -9510
1387 -5877
1388 5877
1389 9510
1390 0
1391 -9510
1392 -5877
1393 5877
1394 9510
1395 0
1396 -9510
1397 -5877
1398 5877
1399 9510
1400 0
1401 -9510
1402 -5877
1403 5877
1404 9510
1405 0
1406 -9510
1407 -5877
1408 5877
1409 9510
1410 0
1411 -9510
1412 -5877
1413 5877
1414 9510
1415 0
1416 -9510
1417 -5877
1418 5877
1419 9510
1420 0
1421 -9510
1422 -5877
1423 5877
1424 9510
1425 0
1426 -9510
1427 -5877
1428 5877
1429 9510
1430 0
1431 -9510
1432 -5877
1433 5877
1434 9510
1435 0
1436 -9510
1437 -5877
1438 5877
1439 9510
1440 0
1441 -9510
1442 -5877
1443 5877
1444 9510
1445 0
1446 -9510
1447 -5877
1448 5877
1449 9510
1450 0
1451 -9510
1452 -5877
1453 5877
1454 9510
1455 0
1456 -9510
1457 -5877
1458 5877
1459 9510
1460 0
1461 -9510
1462 -5877
1463 5877
1464 9510
1465 0
1466 -9510
1467 -5877
1468 5877
1469 9510
1470 0
1471 -9510
1472 -5877
1473 5877
1474 9510
1475 0
1476 -9510
1477 -5877
1478 5877
1479 9510
1480 0
1481 -9510
1482 -5877
1483 5877
1484 9510
1485 0
1486 -9510
1487 -5877
1488 5877
1489 9510
1490 0
1491 -9510
1492 -5877
1493 5877
1494 9510
1495 0
1496 -9510
1497 -5877
1498 5877
1499 9510
1500 0
1501 -9510
1502 -5877
1503 5877
1504 9510
1505 0
1506 -9510
1507 -5877
1508 5877
1509 9510
1510 0
1511 -9510
1512 -5877
1513 5877
1514 9510
1515 0
1516 -9510
1517 -5877
1518 5877
1519 9510
1520 0
1521 -9510
1522 -5877
1523 5877
1524 9510
1525 0
1526 -9510
1527 -5877
1528 5877
1529 9510
1530 0
1531 -9510
1532 -5877
1533 5877
1534 9510
1535 0
1536 -9510
1537 -5877
1538 5877
1539 9510
1540 0
1541 -9510
1542 -5877
1543 5877
1544 9510
1545 0
1546 -9510
1547 -5877
1548 5877
1549 9510
1550 0
1551 -9510
1552 -5877
1553 5877
1554 9510
1555 0
1556 -9510
1557 -5877
1558 5877
1559 9510
1560 0
1561 -9510
1562 -5877
1563 5877
1564 9510
1565 0
1566 -9510
1567 -5877
1568 5877
1569 9510
1570 0
1571 -9510
1572 -5877
1573 5877
1574 9510
1575 0
1576 -9510
1577 -5877
1578 5877
1579 9510
1580 0
1581 -9510
1582 -5877
1583 5877
1584 9510
1585 0
1586 -9510
1587 -5877
1588 5877
1589 9510
1590 0
1591 -9510
1592 -5877
1593 5877
1594 9510
1595 0
1596 -9510
1597 -5877
1598 5877
1599 9510
1600 0
1601 -9510
1602 -5877
1603 5877
1604 9510
1605 0
1606 -9510
1607 -5877
1608 5877
1609 9510
1610 0
1611 -9510
1612 -5877
1613 5877
1614 9510
1615 0
1616 -9510
1617 -5877
1618 5877
1619 9510
1620 0
1621 -9510
1622 -5877
1623 5877
1624 9510
1625 0
1626 -9510
1627 -5877
1628 5877
1629 9510
1630 0
1631 -9510
1632 -5877
1633 5877
1634 9510
1635 0
1636 -9510
1637 -5877
1638 5877
1639 9510
1640 0
1641 -9510
1642 -5877
1643 5877
1644 9510
1645 0
1646 -9510
1647 -5877
1648 5877
1649 9510
1650 0
1651 -9510
1652 -5877
1653 5877
1654 9510
1655 0
1656 -9510
1657 -5877
1658 5877
1659 9510
1660 0
1661 -9510
1662 -5877
1663 5877
1664 9510
1665 0
1666 -9510
1667 -5877
1668 5877
1669 9510
1670 0
1671 -9510
1672 -5877
1673 5877
1674 9510
1675 0
1676 -9510
1677 -5877
1678 5877
1679 9510
1680 0
1681 -9510
1682 -5877
1683 5877
1684 9510
1685 0
1686 -9510
1687 -5877
1688 5877
1689 9510
1690 0
1691 -9510
1692 -5877
1693 5877
1694 9510
1695 0
1696 -9510
1697 -5877
1698 5877
1699 9510
1700 0
1701 -9510
1702 -5877
1703 5877
1704 9510
1705 0
1706 -9510
1707 -5877
1708 5877
1709 9510
1710 0
1711 -9510
1712 -5877
1713 5877
1714 9510
1715 0
1716 -9510
1717 -5877
1718 5877
1719 9510
1720 0
1721 -9510
1722 -5877
1723 5877
1724 9510
1725 0
1726 -9510
1727 -5877
1728 5877
1729 9510
1730 0
1731 -9510
1732 -5877
1733 5877
1734 9510
1735 0
1736 -9510
1737 -5877
1738 5877
1739 9510
1740 0
1741 -9510
1742 -5877
1743 5877
1744 9510
1745 0
1746 -9510
1747 -5877
1748 5877
1749 9510
1750 0
1751 -9510
1752 -5877
1753 5877
1754 9510
1755 0
1756 -9510
1757 -5877
1758 5877
1759 9510
1760 0
1761 -9510
1762 -5877
1763 5877
1764 9510
1765 0
1766 -9510
1767 -5877
1768 5877
1769 9510
1770 0
1771 -9510
1772 -5877
1773 5877
1774 9510
1775 0
1776 -9510
1777 -5877
1778 5877
1779 9510
1780 0
1781 -9510
1782 -5877
1783 5877
1784 9510
1785 0
1786 -9510
1787 -5877
1788 5877
1789 9510
1790 0
1791 -9510
1792 -5877
1793 5877
1794 9510
1795 0
1796 -9510
1797 -5877
1798 5877
1799 9510
1800 0
1801 -9510
1802 -5877
1803 5877
1804 9510
1805 0
1806 -9510
1807 -5877
1808 5877
1809 9510
1810 0
1811 -9510
1812 -5877
1813 5877
1814 9510
1815 0
1816 -9510
1817 -5877
1818 5877
1819 9510
1820 0
1821 -9510
1822 -5877
1823 5877
1824 9510
1825 0
1826 -9510
1827 -5877
1828 5877
1829 9510
1830 0
1831 -9510
1832 -5877
1833 5877
1834 9510
1835 0
1836 -9510
1837 -5877
1838 5877
1839 9510
1840 0
1841 -9510
1842 -5877
1843 5877
1844 9510
1845 0
1846 -9510
1847 -5877
1848 5877
1849 9510
1850 0
1851 -9510
1852 -5877
1853 5877
1854 9510
1855 0
1856 -9510
1857 -5877
1858 5877
1859 9510
1860 0
1861 -9510
1862 -5877
1863 5877
1864 9510
1865 0
1866 -9510
1867 -5877
1868 5877
1869 9510
1870 0
1871 -9510
1872 -5877
1873 5877
1874 9510
1875 0
1876 -9510
1877 -5877
1878 5877
1879 9510
1880 0
1881 -9510
1882 -5877
1883 5877
1884 9510
1885 0
1886 -9510
1887 -5877
1888 5877
1889 9510
1890 0
1891 -9510
1892 -5877
1893 5877
1894 9510
1895 0
1896 -9510
1897 -5877
1898 5877
1899 9510
1900 0
1901 -9510
1902 -5877
1903 5877
1904 9510
1905 0
1906 -9510
1907 -5877
1908 5877
1909 9510
1910 0
1911 -9510
1912 -5877
1913 5877
1914 9510
1915 0
1916 -9510
1917 -5877
1918 5877
1919 9510
1920 0
1921 -9510
1922 -5877
1923 5877
1924 9510
1925 0
1926 -9510
1927 -5877
1928 5877
1929 9510
1930 0
1931 -9510
1932 -5877
1933 5877
1934 9510
1935 0
1936 -9510
1937 -5877
1938 5877
1939 9510
1940 0
1941 -9510
1942 -5877
1943 5877
1944 9510
1945 0
1946 -9510
1947 -5877
1948 5877
1949 9510
1950 0
1951 -9510
1952 -5877
1953 5877
1954 9510
1955 0
1956 -9510
1957 -5877
1958 5877
1959 9510
1960 0
1961 -9510
1962 -5877
1963 5877
1964 9510
1965 0
1966 -9510
1967 -5877
1968 5877
1969 9510
1970 0
1971 -9510
1972 -5877
1973 5877
1974 9510
1975 0
1976 -9510
1977 -5877
1978 5877
1979 9510
1980 0
1981 -9510
1982 -5877
1983 5877
1984 9510
1985 0
1986 -9510
1987 -5877
1988 5877
1989 9510
1990 0
1991 -9510
1992 -5877
1993 5877
1994 9510
1995 0
1996 -9510
1997 -5877
1998 5877
1999 9510
2000 0
2001 -9510
2002 -5877
2003 5877
2004 9510
2005 0
2006 -9510
2007 -5877
2008 5877
2009 9510
2010 0
2011 -9510
2012 -5877
2013 5877
2014 9510
2015 0
2016 -9510
2017 -5877
2018 5877
2019 9510
2020 0
2021 -9510
2022 -5877
2023 5877
2024 9510
2025 0
2026 -9510
2027 -5877
2028 5877
2029 9510
2030 0
2031 -9510
2032 -5877
2033 5877
2034 9510
2035 0
2036 -9510
2037 -5877
2038 5877
2039 9510
2040 0
2041 -9510
2042 -5877
2043 5877
2044 9510
2045 0
2046 -9510
2047 -5877
2048 5877
2049 9510
2050 0
2051 -9510
2052 -5877
2053 5877
2054 9510
2055 0
2056 -9510
2057 -5877
2058 5877
2059 9510
2060 0
2061 -9510
2062 -5877
2063 5877
2064 9510
2065 0
2066 -9510
2067 -5877
2068 5877
2069 9510
2070 0
2071 -9510
2072 -5877
2073 5877
2074 9510
2075 0
2076 -9510
2077 -5877
2078 5877
2079 9510
2080 0
2081 -9510
2082 -5877
2083 5877
2084 9510
2085 0
2086 -9510
2087 -5877
2088 5877
2089 9510
2090 0
2091 -9510
2092 -5877
2093 5877
2094 9510
2095 0
2096 -9510
2097 -5877
2098 5877
2099 9510
2100 0
2101 -9510
2102 -5877
2103 5877
2104 9510
2105 0
2106 -9510
2107 -5877
2108 5877
2109 9510
2110 0
2111 -9510
2112 -5877
2113 5877
2114 9510
2115 0
2116 -9510
2117 -5877
2118 5877
2119 9510
2120 0
2121 -9510
2122 -5877
2123 5877
2124 9510
2125 0
2126 -9510
2127 -5877
2128 5877
2129 9510
2130 0
2131 -9510
2132 -5877
2133 5877
2134 9510
2135 0
2136 -9510
2137 -5877
2138 5877
2139 9510
2140 0
2141 -9510
2142 -5877
2143 5877
2144 9510
2145 0
2146 -9510
2147 -5877
2148 5877
2149 9510
2150 0
2151 -9510
2152 -5877
2153 5877
2154 9510
2155 0
2156 -9510
2157 -5877
2158 5877
2159 9510
2160 0
2161 -9510
2162 -5877
2163 5877
2164 9510
2165 0
2166 -9510
2167 -5877
2168 5877
2169 9510
2170 0
2171 -9510
2172 -5877
2173 5877
2174 9510
2175 0
2176 -9510
2177 -5877
2178 5877
2179 9510
2180 0
2181 -9510
2182 -5877
2183 5877
2184 9510
2185 0
2186 -9510
2187 -5877
2188 5877
2189 9510
2190 0
2191 -9510
2192 -5877
2193 5877
2194 9510
2195 0
2196 -9510
2197 -5877
2198 5877
2199 9510
2200 0
2201 -9510
2202 -5877
2203 5877
2204 9510
2205 0
2206 -9510
2207 -5877
2208 5877
2209 9510
2210 0
2211 -9510
2212 -5877
2213 5877
2214 9510
2215 0
2216 -9510
2217 -5877
2218 5877
2219 9510
2220 0
2221 -9510
2222 -5877
2223 5877
2224 9510
2225 0
2226 -9510
2227 -5877
2228 5877
2229 9510
2230 0
2231 -9510
2232 -5877
2233 5877
2234 9510
2235 0
2236 -9510
2237 -5877
2238 5877
2239 9510
2240 0
2241 -9510
2242 -5877
2243 5877
2244 9510
2245 0
2246 -9510
2247 -5877
2248 5877
2249 9510
2250 0
2251 -9510
2252 -5877
2253 5877
2254 9510
2255 0
2256 -9510
2257 -5877
2258 5877
2259 9510
2260 0
2261 -9510
2262 -5877
2263 5877
2264 9510
2265 0
2266 -9510
2267 -5877
2268 5877
2269 9510
2270 0
2271 -9510
2272 -5877
2273 5877
2274 9510
2275 0
2276 -9510
2277 -5877
2278 5877
2279 9510
2280 0
2281 -9510
2282 -5877
2283 5877
2284 9510
2285 0
2286 -9510
2287 -5877
2288 5877
2289 9510
2290 0
2291 -9510
2292 -5877
2293 5877
2294 9510
2295 0
2296 -9510
2297 -5877
2298 5877
2299 9510
2300 0
2301 -9510
2302 -5877
2303 5877
2304 9510
2305 0
2306 -9510
2307 -5877
2308 5877
2309 9510
2310 0
2311 -9510
2312 -5877
2313 5877
2314 9510
2315 0
2316 -9510
2317 -5877
2318 5877
2319 9510
2320 0
2321 -9510
2322 -5877
2323 5877
2324 9510
2325 0
2326 -9510
2327 -5877
2328 5877
2329 9510
2330 0
2331 -9510
2332 -5877
2333 5877
2334 9510
2335 0
2336 -9510
2337 -5877
2338 5877
2339 9510
2340 0
2341 -9510
2342 -5877
2343 5877
2344 9510
2345 0
2346 -9510
2347 -5877
2348 5877
2349 9510
2350 0
2351 -9510
2352 -5877
2353 5877
2354 9510
2355 0
2356 -9510
2357 -5877
2358 5877
2359 9510
2360 0
2361 -9510
2362 -5877
2363 5877
2364 9510
2365 0
2366 -9510
2367 -5877
2368 5877
2369 9510
2370 0
2371 -9510
2372 -5877
2373 5877
2374 9510
2375 0
2376 -9510
2377 -5877
2378 5877
2379 9510
2380 0
2381 -9510
2382 -5877
2383 5877
2384 9510
2385 0
2386 -9510
2387 -5877
2388 5877
2389 9510
2390 0
2391 -9510
2392 -5877
2393 5877
2394 9510
2395 0
2396 -9510
2397 -5877
2398 5877
2399 9510
2400 0
2401 -9510
2402 -5877
2403 5877
2404 9510
2405 0
2406 -9510
2407 -5877
2408 5877
2409 9510
2410 0
2411 -9510
2412 -5877
2413 5877
2414 9510
2415 0
2416 -9510
2417 -5877
2418 5877
2419 9510
2420 0
2421 -9510
2422 -5877
2423 5877
2424 9510
2425 0
2426 -9510
2427 -5877
2428 5877
2429 9510
2430 0
2431 -9510
2432 -5877
2433 5877
2434 9510
2435 0
2436 -9510
2437 -5877
2438 5877
2439 9510
2440 0
2441 -9510
2442 -5877
2443 5877
2444 9510
2445 0
2446 -9510
2447 -5877
2448 5877
2449 9510
2450 0
2451 -9510
2452 -5877
2453 5877
2454 9510
2455 0
2456 -9510
2457 -5877
2458 5877
2459 9510
2460 0
2461 -9510
2462 -5877
2463 5877
2464 9510
2465 0
2466 -9510
2467 -5877
2468 5877
2469 9510
2470 0
2471 -9510
2472 -5877
2473 5877
2474 9510
2475 0
2476 -9510
2477 -5877
2478 5877
2479 9510
2480 0
2481 -9510
2482 -5877
2483 5877
2484 9510
2485 0
2486 -9510
2487 -5877
2488 5877
2489 9510
2490 0
2491 -9510
2492 -5877
2493 5877
2494 9510
2495 0
2496 -9510
2497 -5877
2498 5877
2499 9510
2500 0
2501 -9510
2502 -5877
2503 5877
2504 9510
2505 0
2506 -9510
2507 -5877
2508 5877
2509 9510
2510 0
2511 -9510
2512 -5877
2513 5877
2514 9510
2515 0
2516 -9510
2517 -5877
2518 5877
2519 9510
2520 0
2521 -9510
2522 -5877
2523 5877
2524 9510
2525 0
2526 -9510
2527 -5877
2528 5877
2529 9510
2530 0
2531 -9510
2532 -5877
2533 5877
2534 9510
2535 0
2536 -9510
2537 -5877
2538 5877
2539 9510
2540 0
2541 -9510
2542 -5877
2543 5877
2544 9510
2545 0
2546 -9510
2547 -5877
2548 5877
2549 9510
2550 0
2551 -9510
2552 -5877
2553 5877
2554 9510
2555 0
2556 -9510
2557 -5877
2558 5877
2559 9510
2560 0
2561 -9510
2562 -5877
2563 5877
2564 9510
2565 0
2566 -9510
2567 -5877
2568 5877
2569 9510
2570 0
2571 -9510
2572 -5877
2573 5877
2574 9510
2575 0
2576 -9510
2577 -5877
2578 5877
2579 9510
2580 0
2581 -9510
2582 -5877
2583 5877
2584 9510
2585 0
2586 -9510
2587 -5877
2588 5877
2589 9510
2590 0
2591 -9510
2592 -5877
2593 5877
2594 9510
2595 0
2596 -9510
2597 -5877
2598 5877
2599 9510
2600 0
2601 -9510
2602 -5877
2603 5877
2604 9510
2605 0
2606 -9510
2607 -5877
2608 5877
2609 9510
2610 0
2611 -9510
2612 -5877
2613 5877
2614 9510
2615 0
2616 -9510
2617 -5877
2618 5877
2619 9510
2620 0
2621 -9510
2622 -5877
2623 5877
2624 9510
2625 0
2626 -9510
2627 -5877
2628 5877
2629 9510
2630 0
2631 -9510
2632 -5877
2633 5877
2634 9510
2635 0
2636 -9510
2637 -5877
2638 5877
2639 9510
2640 0
2641 -9510
2642 -5877
2643 5877
2644 9510
2645 0
2646 -9510
2647 -5877
2648 5877
2649 9510
2650 0
2651 -9510
2652 -5877
2653 5877
2654 9510
2655 0
2656 -9510
2657 -5877
2658 5877
2659 9510
2660 0
2661 -9510
2662 -5877
2663 5877
2664 9510
2665 0
2666 -9510
2667 -5877
2668 5877
2669 9510
2670 0
2671 -9510
2672 -5877
2673 5877
2674 9510
2675 0
2676 -9510
2677 -5877
2678 5877
2679 9510
2680 0
2681 -9510
2682 -5877
2683 5877
2684 9510
2685 0
2686 -9510
2687 -5877
2688 5877
2689 9510
2690 0
2691 -9510
2692 -5877
2693 5877
2694 9510
2695 0
2696 -9510
2697 -5877
2698 5877
2699 9510
2700 0
2701 -9510
2702 -5877
2703 5877
2704 9510
2705 0
2706 -9510
2707 -5877
2708 5877
2709 9510
2710 0
2711 -9510
2712 -5877
2713 5877
2714 9510
2715 0
2716 -9510
2717 -5877
2718 5877
2719 9510
2720 0
2721 -9510
2722 -5877
2723 5877
2724 9510
2725 0
2726 -9510
2727 -5877
2728 5877
2729 9510
2730 0
2731 -9510
2732 -5877
2733 5877
2734 9510
2735 0
2736 -9510
2737 -5877
2738 5877
2739 9510
2740 0
2741 -9510
2742 -5877
2743 5877
2744 9510
2745 0
2746 -9510
2747 -5877
2748 5877
2749 9510
2750 0
2751 -9510
2752 -5877
2753 5877
2754 9510
2755 0
2756 -9510
2757 -5877
2758 5877
2759 9510
2760 0
2761 -9510
2762 -5877
2763 5877
2764 9510
2765 0
2766 -9510
2767 -5877
2768 5877
2769 9510
2770 0
2771 -9510
2772 -5877
2773 5877
2774 9510
2775 0
2776 -9510
2777 -5877
2778 5877
2779 9510
2780 0
2781 -9510
2782 -5877
2783 5877
2784 9510
2785 0
2786 -9510
2787 -5877
2788 5877
2789 9510
2790 0
2791 -9510
2792 -5877
2793 5877
2794 9510
2795 0
2796 -9510
2797 -5877
2798 5877
2799 9510
2800 0
2801 -9510
2802 -5877
2803 5877
2804 9510
2805 0
2806 -9510
2807 -5877
2808 5877
2809 9510
2810 0
2811 -9510
2812 -5877
2813 5877
2814 9510
2815 0
2816 -9510
2817 -5877
2818 5877
2819 9510
2820 0
2821 -9510
2822 -5877
2823 5877
2824 9510
2825 0
2826 -9510
2827 -5877
2828 5877
2829 9510
2830 0
2831 -9510
2832 -5877
2833 5877
2834 9510
2835 0
2836 -9510
2837 -5877
2838 5877
2839 9510
2840 0
2841 -9510
2842 -5877
2843 5877
2844 9510
2845 0
2846 -9510
2847 -5877
2848 5877
2849 9510
2850 0
2851 -9510
2852 -5877
2853 5877
2854 9510
2855 0
2856 -9510
2857 -5877
2858 5877
2859 9510
2860 0
2861 -9510
2862 -5877
2863 5877
2864 9510
2865 0
2866 -9510
2867 -5877
2868 5877
2869 9510
2870 0
2871 -9510
2872 -5877
2873 5877
2874 9510
2875 0
2876 -9510
2877 -5877
2878 5877
2879 9510
2880 0
2881 -9510
2882 -5877
2883 5877
2884 9510
2885 0
2886 -9510
2887 -5877
2888 5877
2889 9510
2890 0
2891 -9510
2892 -5877
2893 5877
2894 9510
2895 0
2896 -9510
2897 -5877
2898 5877
2899 9510
2900 0
2901 -9510
2902 -5877
2903 5877
2904 9510
2905 0
2906 -9510
2907 -5877
2908 5877
2909 9510
2910 0
2911 -9510
2912 -5877
2913 5877
2914 9510
2915 0
2916 -9510
2917 -5877
2918 5877
2919 9510
2920 0
2921 -9510
2922 -5877
2923 5877
2924 9510
2925 0
2926 -9510
2927 -5877
2928 5877
2929 9510
2930 0
2931 -9510
2932 -5877
2933 5877
2934 9510
2935 0
2936 -9510
2937 -5877
2938 5877
2939 9510
2940 0
2941 -9510
2942 -5877
2943 5877
2944 9510
2945 0
2946 -9510
2947 -5877
2948 5877
2949 9510
2950 0
2951 -9510
2952 -5877
2953 5877
2954 9510
2955 0
2956 -9510
2957 -5877
2958 5877
2959 9510
2960 0
2961 -9510
2962 -5877
2963 5877
2964 9510
2965 0
2966 -9510
2967 -5877
2968 5877
2969 9510
2970 0
2971 -9510
2972 -5877
2973 5877
2974 9510
2975 0
2976 -9510
2977 -5877
2978 5877
2979 9510
2980 0
2981 -9510
2982 -5877
2983 5877
2984 9510
2985 0
2986 -9510
2987 -5877
2988 5877
2989 9510
2990 0
2991 -9510
2992 -5877
2993 5877
2994 9510
2995 0
2996 -9510
2997 -5877
2998 5877
2999 9510
3000 0
3001 -9510
3002 -5877
3003 5877
3004 9510
3005 0
3006 -9510
3007 -5877
3008 5877
3009 9510
3010 0
3011 -9510
3012 -5877
3013 5877
3014 9510
3015 0
3016 -9510
3017 -5877
3018 5877
3019 9510
3020 0
3021 -9510
3022 -5877
3023 5877
3024 9510
3025 0
3026 -9510
3027 -5877
3028 5877
3029 9510
3030 0
3031 -9510
3032 -5877
3033 5877
3034 9510
3035 0
3036 -9510
3037 -5877
3038 5877
3039 9510
3040 0
3041 -9510
3042 -5877
3043 5877
3044 9510
3045 0
3046 -9510
3047 -5877
3048 5877
3049 9510
3050 0
3051 -9510
3052 -5877
3053 5877
3054 9510
3055 0
3056 -9510
3057 -5877
3058 5877
3059 9510
3060 0
3061 -9510
3062 -5877
3063 5877
3064 9510
3065 0
3066 -9510
3067 -5877
3068 5877
3069 9510
3070 0
3071 -9510
3072 -5877
3073 5877
3074 9510
3075 0
3076 -9510
3077 -5877
3078 5877
3079 9510
3080 0
3081 -9510
3082 -5877
3083 5877
3084 9510
3085 0
3086 -9510
3087 -5877
3088 5877
3089 9510
3090 0
3091 -9510
3092 -5877
3093 5877
3094 9510
3095 0
3096 -9510
3097 -5877
3098 5877
3099 9510
3100 0
3101 -9510
3102 -5877
3103 5877
3104 9510
3105 0
3106 -9510
3107 -5877
3108 5877
3109 9510
3110 0
3111 -9510
3112 -5877
3113 5877
3114 9510
3115 0
3116 -9510
3117 -5877
3118 5877
3119 9510
3120 0
3121 -9510
3122 -5877
3123 5877
3124 9510
3125 0
3126 -9510
3127 -5877
3128 5877
3129 9510
3130 0
3131 -9510
3132 -5877
3133 5877
3134 9510
3135 0
3136 -9510
3137 -5877
3138 5877
3139 9510
3140 0
3141 -9510
3142 -5877
3143 5877
3144 9510
3145 0
3146 -9510
3147 -5877
3148 5877
3149 9510
3150 0
3151 -9510
3152 -5877
3153 5877
3154 9510
3155 0
3156 -9510
3157 -5877
3158 5877
3159 9510
3160 0
3161 -9510
3162 -5877
3163 5877
3164 9510
3165 0
3166 -9510
3167 -5877
3168 5877
3169 9510
3170 0
3171 -9510
3172 -5877
3173 5877
3174 9510
3175 0
3176 -9510
3177 -5877
3178 5877
3179 9510
3180 0
3181 -9510
3182 -5877
3183 5877
3184 9510
3185 0
3186 -9510
3187 -5877
3188 5877
3189 9510
3190 0
3191 -9510
3192 -5877
3193 5877
3194 9510
3195 0
3196 -9510
3197 -5877
3198 5877
3199 9510
3200 0
3201 -9510
3202 -5877
3203 5877
3204 9510
3205 0
3206 -9510
3207 -5877
3208 5877
3209 9510
3210 0
3211 -9510
3212 -5877
3213 5877
3214 9510
3215 0
3216 -9510
3217 -5877
3218 5877
3219 9510
3220 0
3221 -9510
3222 -5877
3223 5877
3224 9510
3225 0
3226 -9510
3227 -5877
3228 5877
3229 9510
3230 0
3231 -9510
3232 -5877
3233 5877
3234 9510
3235 0
3236 -9510
3237 -5877
3238 5877
3239 9510
3240 0
3241 -9510
3242 -5877
3243 5877
3244 9510
3245 0
3246 -9510
3247 -5877
3248 5877
3249 9510
3250 0
3251 -9510
3252 -5877
3253 5877
3254 9510
3255 0
3256 -9510
3257 -5877
3258 5877
3259 9510
3260 0
3261 -9510
3262 -5877
3263 5877
3264 9510
3265 0
3266 -9510
3267 -5877
3268 5877
3269 9510
3270 0
3271 -9510
3272 -5877
3273 5877
3274 9510
3275 0
3276 -9510
3277 -5877
3278 5877
3279 9510
3280 0
3281 -9510
3282 -5877
3283 5877
3284 9510
3285 0
3286 -9510
3287 -5877
3288 5877
3289 9510
3290 0
3291 -9510
3292 -5877
3293 5877
3294 9510
3295 0
3296 -9510
3297 -5877
3298 5877
3299 9510
3300 0
3301 -9510
3302 -5877
3303 5877
3304 9510
3305 0
3306 -9510
3307 -5877
3308 5877
3309 9510
3310 0
3311 -9510
3312 -5877
3313 5877
3314 9510
3315 0
3316 -9510
3317 -5877
3318 5877
3319 9510
3320 0
3321 -9510
3322 -5877
3323 5877
3324 9510
3325 0
3326 -9510
3327 -5877
3328 5877
3329 9510
3330 0
3331 -9510
3332 -5877
3333 5877
3334 9510
3335 0
3336 -9510
3337 -5877
3338 5877
3339 9510
3340 0
3341 -9510
3342 -5877
3343 5877
3344 9510
3345 0
3346 -9510
3347 -5877
3348 5877
3349 9510
3350 0
3351 -9510
3352 -5877
3353 5877
3354 9510
3355 0
3356 -9510
3357 -5877
3358 5877
3359 9510
3360 0
3361 -9510
3362 -5877
3363 5877
3364 9510
3365 0
3366 -9510
3367 -5877
3368 5877
3369 9510
3370 0
3371 -9510
3372 -5877
3373 5877
3374 9510
3375 0
3376 -9510
3377 -5877
3378 5877
3379 9510
3380 0
3381 -9510
3382 -5877
3383 5877
3384 9510
3385 0
3386 -9510
3387 -5877
3388 5877
3389 9510
3390 0
3391 -9510
3392 -5877
3393 5877
3394 9510
3395 0
3396 -9510
3397 -5877
3398 5877
3399 9510
3400 0
3401 -9510
3402 -5877
3403 5877
3404 9510
3405 0
3406 -9510
3407 -5877
3408 5877
3409 9510
3410 0
3411 -9510
3412 -5877
3413 5877
3414 9510
3415 0
3416 -9510
3417 -5877
3418 5877
3419 9510
3420 0
3421 -9510
3422 -5877
3423 5877
3424 9510
3425 0
3426 -9510
3427 -5877
3428 5877
3429 9510
3430 0
3431 -9510
3432 -5877
3433 5877
3434 9510
3435 0
3436 -9510
3437 -5877
3438 5877
3439 9510
3440 0
3441 -9510
3442 -5877
3443 5877
3444 9510
3445 0
3446 -9510
3447 -5877
3448 5877
3449 9510
3450 0
3451 -9510
3452 -5877
3453 5877
3454 9510
3455 0
3456 -9510
3457 -5877
3458 5877
3459 9510
3460 0
3461 -9510
3462 -5877
3463 5877
3464 9510
3465 0
3466 -9510
3467 -5877
3468 5877
3469 9510
3470 0
3471 -9510
3472 -5877
3473 5877
3474 9510
3475 0
3476 -9510
3477 -5877
3478 5877
3479 9510
3480 0
3481 -9510
3482 -5877
3483 5877
3484 9510
3485 0
3486 -9510
3487 -5877
3488 5877
3489 9510
3490 0
3491 -9510
3492 -5877
3493 5877
3494 9510
3495 0
3496 -9510
3497 -5877
3498 5877
3499 9510
3500 0
3501 -9510
3502 -5877
3503 5877
3504 9510
3505 0
3506 -9510
3507 -5877
3508 5877
3509 9510
3510 0
3511 -9510
3512 -5877
3513 5877
3514 9510
3515 0
3516 -9510
3517 -5877
3518 5877
3519 9510
3520 0
3521 -9510
3522 -5877
3523 5877
3524 9510
3525 0
3526 -9510
3527 -5877
3528 5877
3529 9510
3530 0
3531 -9510
3532 -5877
3533 5877
3534 9510
3535 0
3536 -9510
3537 -5877
3538 5877
3539 9510
3540 0
3541 -9510
3542 -5877
3543 5877
3544 9510
3545 0
3546 -9510
3547 -5877
3548 5877
3549 9510
3550 0
3551 -9510
3552 -5877
3553 5877
3554 9510
3555 0
3556 -9510
3557 -5877
3558 5877
3559 9510
3560 0
3561 -9510
3562 -5877
3563 5877
3564 9510
3565 0
3566 -9510
3567 -5877
3568 5877
3569 9510
3570 0
3571 -9510
3572 -5877
3573 5877
3574 9510
3575 0
3576 -9510
3577 -5877
3578 5877
3579 9510
3580 0
3581 -9510
3582 -5877
3583 5877
3584 9510
3585 0
3586 -9510
3587 -5877
3588 5877
3589 9510
3590 0
3591 -9510
3592 -5877
3593 5877
3594 9510
3595 0
3596 -9510
3597 -5877
3598 5877
3599 9510
3600 0
3601 -9510
3602 -5877
3603 5877
3604 9510
3605 0
3606 -9510
3607 -5877
3608 5877
3609 9510
3610 0
3611 -9510
3612 -5877
3613 5877
3614 9510
3615 0
3616 -9510
3617 -5877
3618 5877
3619 9510
3620 0
3621 -9510
3622 -5877
3623 5877
3624 9510
3625 0
3626 -9510
3627 -5877
3628 5877
3629 9510
3630 0
3631 -9510
3632 -5877
3633 5877
3634 9510
3635 0
3636 -9510
3637 -5877
3638 5877
3639 9510
3640 0
3641 -9510
3642 -5877
3643 5877
3644 9510
3645 0
3646 -9510
3647 -5877
3648 5877
3649 9510
3650 0
3651 -9510
3652 -5877
3653 5877
3654 9510
3655 0
3656 -9510
3657 -5877
3658 5877
3659 9510
3660 0
3661 -9510
3662 -5877
3663 5877
3664 9510
3665 0
3666 -9510
3667 -5877
3668 5877
3669 9510
3670 0
3671 -9510
3672 -5877
3673 5877
3674 9510
3675 0
3676 -9510
3677 -5877
3678 5877
3679 9510
3680 0
3681 -9510
3682 -5877
3683 5877
3684 9510
3685 0
3686 -9510
3687 -5877
3688 5877
3689 9510
3690 0
3691 -9510
3692 -5877
3693 5877
3694 9510
3695 0
3696 -9510
3697 -5877
3698 5877
3699 9510
3700 0
3701 -9510
3702 -5877
3703 5877
3704 9510
3705 0
3706 -9510
3707 -5877
3708 5877
3709 9510
3710 0
3711 -9510
3712 -5877
3713 5877
3714 9510
3715 0
3716 -9510
3717 -5877
3718 5877
3719 9510
3720 0
3721 -9510
3722 -5877
3723 5877
3724 9510
3725 0
3726 -9510
3727 -5877
3728 5877
3729 9510
3730 0
3731 -9510
3732 -5877
3733 5877
3734 9510
3735 0
3736 -9510
3737 -5877
3738 5877
3739 9510
3740 0
3741 -9510
3742 -5877
3743 5877
3744 9510
3745 0
3746 -9510
3747 -5877
3748 5877
3749 9510
3750 0
3751 -9510
3752 -5877
3753 5877
3754 9510
3755 0
3756 -9510
3757 -5877
3758 5877
3759 9510
3760 0
3761 -9510
3762 -5877
3763 5877
3764 9510
3765 0
3766 -9510
3767 -5877
3768 5877
3769 9510
3770 0
3771 -9510
3772 -5877
3773 5877
3774 9510
3775 0
3776 -9510
3777 -5877
3778 5877
3779 9510
3780 0
3781 -9510
3782 -5877
3783 5877
3784 9510
3785 0
3786 -9510
3787 -5877
3788 5877
3789 9510
3790 0
3791 -9510
3792 -5877
3793 5877
3794 9510
3795 0
3796 -9510
3797 -5877
3798 5877
3799 9510
3800 0
3801 -9510
3802 -5877
3803 5877
3804 9510
3805 0
3806 -9510
3807 -5877
3808 5877
3809 9510
3810 0
3811 -9510
3812 -5877
3813 5877
3814 9510
3815 0
3816 -9510
3817 -5877
3818 5877
3819 9510
3820 0
3821 -9510
3822 -5877
3823 5877
3824 9510
3825 0
3826 -9510
3827 -5877
3828 5877
3829 9510
3830 0
3831 -9510
3832 -5877
3833 5877
3834 9510
3835 0
3836 -9510
3837 -5877
3838 5877
3839 9510
3840 0
3841 -9510
3842 -5877
3843 5877
3844 9510
3845 0
3846 -9510
3847 -5877
3848 5877
3849 9510
3850 0
3851 -9510
3852 -5877
3853 5877
3854 9510
3855 0
3856 -9510
3857 -5877
3858 5877
3859 9510
3860 0
3861 -9510
3862 -5877
3863 5877
3864 9510
3865 0
3866 -9510
3867 -5877
3868 5877
3869 9510
3870 0
3871 -9510
3872 -5877
3873 5877
3874 9510
3875 0
3876 -9510
3877 -5877
3878 5877
3879 9510
3880 0
3881 -9510
3882 -5877
3883 5877
3884 9510
3885 0
3886 -9510
3887 -5877
3888 5877
3889 9510
3890 0
3891 -9510
3892 -5877
3893 5877
3894 9510
3895 0
3896 -9510
3897 -5877
3898 5877
3899 9510
3900 0
3901 -9510
3902 -5877
3903 5877
3904 9510
3905 0
3906 -9510
3907 -5877
3908 5877
3909 9510
3910 0
3911 -9510
3912 -5877
3913 5877
3914 9510
3915 0
3916 -9510
3917 -5877
3918 5877
3919 9510
3920 0
3921 -9510
3922 -5877
3923 5877
3924 9510
3925 0
3926 -9510
3927 -5877
3928 5877
3929 9510
3930 0
3931 -9510
3932 -5877
3933 5877
3934 9510
3935 0
3936 -9510
3937 -5877
3938 5877
3939 9510
3940 0
3941 -9510
3942 -5877
3943 5877
3944 9510
3945 0
3946 -9510
3947 -5877
3948 5877
3949 9510
3950 0
3951 -9510
3952 -5877
3953 5877
3954 9510
3955 0
3956 -9510
3957 -5877
3958 5877
3959 9510
3960 0
3961 -9510
3962 -5877
3963 5877
3964 9510
3965 0
3966 -9510
3967 -5877
3968 5877
3969 9510
3970 0
3971 -9510
3972 -5877
3973 5877
3974 9510
3975 0
3976 -9510
3977 -5877
3978 5877
3979 9510
3980 0
3981 -9510
3982 -5877
3983 5877
3984 9510
3985 0
3986 -9510
3987 -5877
3988 5877
3989 9510
3990 0
3991 -9510
3992 -5877
3993 5877
3994 9510
3995 0
3996 -9510
3997 -5877
3998 5877
3999 9510
4000 0
4001 -9510
4002 -5877
4003 5877
4004 9510
4005 0
4006 -9510
4007 -5877
4008 5877
4009 9510
4010 0
4011 -9510
4012 -5877
4013 5877
4014 9510
4015 0
4016 -9510
4017 -5877
4018 5877
4019 9510
4020 0
4021 -9510
4022 -5877
4023 5877
4024 9510
4025 0
4026 -9510
4027 -5877
4028 5877
4029 9510
4030 0
4031 -9510
4032 -5877
4033 5877
4034 9510
4035 0
4036 -9510
4037 -5877
4038 5877
4039 9510
4040 0
4041 -9510
4042 -5877
4043 5877
4044 9510
4045 0
4046 -9510
4047 -5877
4048 5877
4049 9510
4050 0
4051 -9510
4052 -5877
4053 5877
4054 9510
4055 0
4056 -9510
4057 -5877
4058 5877
4059 9510
4060 0
4061 -9510
4062 -5877
4063 5877
4064 9510
4065 0
4066 -9510
4067 -5877
4068 5877
4069 9510
4070 0
4071 -9510
4072 -5877
4073 5877
4074 9510
4075 0
4076 -9510
4077 -5877
4078 5877
4079 9510
4080 0
4081 -9510
4082 -5877
4083 5877
4084 9510
4085 0
4086 -9510
4087 -5877
4088 5877
4089 9510
4090 0
4091 -9510
4092 -5877
4093 5877
4094 9510
4095 0
4096 -9510
4097 -5877
4098 5877
4099 9510
4100 0
4101 -9510
4102 -5877
4103 5877
4104 9510
4105 0
4106 -9510
4107 -5877
4108 5877
4109 9510
4110 0
4111 -9510
4112 -5877
4113 5877
4114 9510
4115 0
4116 -9510
4117 -5877
4118 5877
4119 9510
4120 0
4121 -9510
4122 -5877
4123 5877
4124 9510
4125 0
4126 -9510
4127 -5877
4128 5877
4129 9510
4130 0
4131 -9510
4132 -5877
4133 5877
4134 9510
4135 0
4136 -9510
4137 -5877
4138 5877
4139 9510
4140 0
4141 -9510
4142 -5877
4143 5877
4144 9510
4145 0
4146 -9510
4147 -5877
4148 5877
4149 9510
4150 0
4151 -9510
4152 -5877
4153 5877
4154 9510
4155 0
4156 -9510
4157 -5877
4158 5877
4159 9510
4160 0
4161 -9510
4162 -5877
4163 5877
4164 9510
4165 0
4166 -9510
4167 -5877
4168 5877
4169 9510
4170 0
4171 -9510
4172 -5877
4173 5877
4174 9510
4175 0
4176 -9510
4177 -5877
4178 5877
4179 9510
4180 0
4181 -9510
4182 -5877
4183 5877
4184 9510
4185 0
4186 -9510
4187 -5877
4188 5877
4189 9510
4190 0
4191 -9510
4192 -5877
4193 5877
4194 9510
4195 0
4196 -9510
4197 -5877
4198 5877
4199 9510
4200 0
4201 -9510
4202 -5877
4203 5877
4204 9510
4205 0
4206 -9510
4207 -5877
4208 5877
4209 9510
4210 0
4211 -9510
4212 -5877
4213 5877
4214 9510
4215 0
4216 -9510
4217 -5877
4218 5877
4219 9510
4220 0
4221 -9510
4222 -5877
4223 5877
4224 9510
4225 0
4226 -9510
4227 -5877
4228 5877
4229 9510
4230 0
4231 -9510
4232 -5877
4233 5877
4234 9510
4235 0
4236 -9510
4237 -5877
4238 5877
4239 9510
4240 0
4241 -9510
4242 -5877
4243 5877
4244 9510
4245 0
4246 -9510
4247 -5877
4248 5877
4249 9510
4250 0
4251 -9510
4252 -5877
4253 5877
4254 9510
4255 0
4256 -9510
4257 -5877
4258 5877
4259 9510
4260 0
4261 -9510
4262 -5877
4263 5877
4264 9510
4265 0
4266 -9510
4267 -5877
4268 5877
4269 9510
4270 0
4271 -9510
4272 -5877
4273 5877
4274 9510
4275 0
4276 -9510
4277 -5877
4278 5877
4279 9510
4280 0
4281 -9510
4282 -5877
4283 5877
4284 9510
4285 0
4286 -9510
4287 -5877
4288 5877
4289 9510
4290 0
4291 -9510
4292 -5877
4293 5877
4294 9510
4295 0
4296 -9510
4297 -5877
4298 5877
4299 9510
4300 0
4301 -9510
4302 -5877
4303 5877
4304 9510
4305 0
4306 -9510
4307 -5877
4308 5877
4309 9510
4310 0
4311 -9510
4312 -5877
4313 5877
4314 9510
4315 0
4316 -9510
4317 -5877
4318 5877
4319 9510
4320 0
4321 -9510
4322 -5877
4323 5877
4324 9510
4325 0
4326 -9510
4327 -5877
4328 5877
4329 9510
4330 0
4331 -9510
4332 -5877
4333 5877
4334 9510
4335 0
4336 -9510
4337 -5877
4338 5877
4339 9510
4340 0
4341 -9510
4342 -5877
4343 5877
4344 9510
4345 0
4346 -9510
4347 -5877
4348 5877
4349 9510
4350 0
4351 -9510
4352 -5877
4353 5877
4354 9510
4355 0
4356 -9510
4357 -5877
4358 5877
4359 9510
4360 0
4361 -9510
4362 -5877
4363 5877
4364 9510
4365 0
4366 -9510
4367 -5877
4368 5877
4369 9510
4370 0
4371 -9510
4372 -5877
4373 5877
4374 9510
4375 0
4376 -9510
4377 -5877
4378 5877
4379 9510
4380 0
4381 -9510
4382 -5877
4383 5877
4384 9510
4385 0
4386 -9510
4387 -5877
4388 5877
4389 9510
4390 0
4391 -9510
4392 -5877
4393 5877
4394 9510
4395 0
4396 -9510
4397 -5877
4398 5877
4399 9510
4400 0
4401 -9510
4402 -5877
4403 5877
4404 9510
4405 0
4406 -9510
4407 -5877
4408 5877
4409 9510
4410 0
4411 -9510
4412 -5877
4413 5877
4414 9510
4415 0
4416 -9510
4417 -5877
4418 5877
4419 9510
4420 0
4421 -9510
4422 -5877
4423 5877
4424 9510
4425 0
4426 -9510
4427 -5877
4428 5877
4429 9510
4430 0
4431 -9510
4432 -5877
4433 5877
4434 9510
4435 0
4436 -9510
4437 -5877
4438 5877
4439 9510
4440 0
4441 -9510
4442 -5877
4443 5877
4444 9510
4445 0
4446 -9510
4447 -5877
4448 5877
4449 9510
4450 0
4451 -9510
4452 -5877
4453 5877
4454 9510
4455 0
4456 -9510
4457 -5877
4458 5877
4459 9510
4460 0
4461 -9510
4462 -5877
4463 5877
4464 9510
4465 0
4466 -9510
4467 -5877
4468 5877
4469 9510
4470 0
4471 -9510
4472 -5877
4473 5877
4474 9510
4475 0
4476 -9510
4477 -5877
4478 5877
4479 9510
4480 0
4481 -9510
4482 -5877
4483 5877
4484 9510
4485 0
4486 -9510
4487 -5877
4488 5877
4489 9510
4490 0
4491 -9510
4492 -5877
4493 5877
4494 9510
4495 0
4496 -9510
4497 -5877
4498 5877
4499 9510
4500 0
4501 -9510
4502 -5877
4503 5877
4504 9510
4505 0
4506 -9510
4507 -5877
4508 5877
4509 9510
4510 0
4511 -9510
4512 -5877
4513 5877
4514 9510
4515 0
4516 -9510
4517 -5877
4518 5877
4519 9510
4520 0
4521 -9510
4522 -5877
4523 5877
4524 9510
4525 0
4526 -9510
4527 -5877
4528 5877
4529 9510
4530 0
4531 -9510
4532 -5877
4533 5877
4534 9510
4535 0
4536 -9510
4537 -5877
4538 5877
4539 9510
4540 0
4541 -9510
4542 -5877
4543 5877
4544 9510
4545 0
4546 -9510
4547 -5877
4548 5877
4549 9510
4550 0
4551 -9510
4552 -5877
4553 5877
4554 9510
4555 0
4556 -9510
4557 -5877
4558 5877
4559 9510
4560 0
4561 -9510
4562 -5877
4563 5877
4564 9510
4565 0
4566 -9510
4567 -5877
4568 5877
4569 9510
4570 0
4571 -9510
4572 -5877
4573 5877
4574 9510
4575 0
4576 -9510
4577 -5877
4578 5877
4579 9510
4580 0
4581 -9510
4582 -5877
4583 5877
4584 9510
4585 0
4586 -9510
4587 -5877
4588 5877
4589 9510
4590 0
4591 -9510
4592 -5877
4593 5877
4594 9510
4595 0
4596 -9510
4597 -5877
4598 5877
4599 9510
4600 0
4601 -9510
4602 -5877
4603 5877
4604 9510
4605 0
4606 -9510
4607 -5877
4608 5877
4609 9510
4610 0
4611 -9510
4612 -5877
4613 5877
4614 9510
4615 0
4616 -9510
4617 -5877
4618 5877
4619 9510
4620 0
4621 -9510
4622 -5877
4623 5877
4624 9510
4625 0
4626 -9510
4627 -5877
4628 5877
4629 9510
4630 0
4631 -9510
4632 -5877
4633 5877
4634 9510
4635 0
4636 -9510
4637 -5877
4638 5877
4639 9510
4640 0
4641 -9510
4642 -5877
4643 5877
4644 9510
4645 0
4646 -9510
4647 -5877
4648 5877
4649 9510
4650 0
4651 -9510
4652 -5877
4653 5877
4654 9510
4655 0
4656 -9510
4657 -5877
4658 5877
4659 9510
4660 0
4661 -9510
4662 -5877
4663 5877
4664 9510
4665 0
4666 -9510
4667 -5877
4668 5877
4669 9510
4670 0
4671 -9510
4672 -5877
4673 5877
4674 9510
4675 0
4676 -9510
4677 -5877
4678 5877
4679 9510
4680 0
4681 -9510
4682 -5877
4683 5877
4684 9510
4685 0
4686 -9510
4687 -5877
4688 5877
4689 9510
4690 0
4691 -9510
4692 -5877
4693 5877
4694 9510
4695 0
4696 -9510
4697 -5877
4698 5877
4699 9510
4700 0
4701 -9510
4702 -5877
4703 5877
4704 9510
4705 0
4706 -9510
4707 -5877
4708 5877
4709 9510
4710 0
4711 -9510
4712 -5877
4713 5877
4714 9510
4715 0
4716 -9510
4717 -5877
4718 5877
4719 9510
4720 0
4721 -9510
4722 -5877
4723 5877
4724 9510
4725 0
4726 -9510
4727 -5877
4728 5877
4729 9510
4730 0
4731 -9510
4732 -5877
4733 5877
4734 9510
4735 0
4736 -9510
4737 -5877
4738 5877
4739 9510
4740 0
4741 -9510
4742 -5877
4743 5877
4744 9510
4745 0
4746 -9510
4747 -5877
4748 5877
4749 9510
4750 0
4751 -9510
4752 -5877
4753 5877
4754 9510
4755 0
4756 -9510
4757 -5877
4758 5877
4759 9510
4760 0
4761 -9510
4762 -5877
4763 5877
4764 9510
4765 0
4766 -9510
4767 -5877
4768 5877
4769 9510
4770 0
4771 -9510
4772 -5877
4773 5877
4774 9510
4775 0
4776 -9510
4777 -5877
4778 5877
4779 9510
4780 0
4781 -9510
4782 -5877
4783 5877
4784 9510
4785 0
4786 -9510
4787 -5877
4788 5877
4789 9510
4790 0
4791 -9510
4792 -5877
4793 5877
4794 9510
4795 0
4796 -9510
4797 -5877
4798 5877
4799 9510
4800 0
4801 -9510
4802 -5877
4803 5877
4804 9510
4805 0
4806 -9510
4807 -5877
4808 5877
4809 9510
4810 0
4811 -9510
4812 -5877
4813 5877
4814 9510
4815 0
4816 -9510
4817 -5877
4818 5877
4819 9510
4820 0
4821 -9510
4822 -5877
4823 5877
4824 9510
4825 0
4826 -9510
4827 -5877
4828 5877
4829 9510
4830 0
4831 -9510
4832 -5877
4833 5877
4834 9510
4835 0
4836 -9510
4837 -5877
4838 5877
4839 9510
4840 0
4841 -9510
4842 -5877
4843 5877
4844 9510
4845 0
4846 -9510
4847 -5877
4848 5877
4849 9510
4850 0
4851 -9510
4852 -5877
4853 5877
4854 9510
4855 0
4856 -9510
4857 -5877
4858 5877
4859 9510
4860 0
4861 -9510
4862 -5877
4863 5877
4864 9510
4865 0
4866 -9510
4867 -5877
4868 5877
4869 9510
4870 0
4871 -9510
4872 -5877
4873 5877
4874 9510
4875 0
4876 -9510
4877 -5877
4878 5877
4879 9510
4880 0
4881 -9510
4882 -5877
4883 5877
4884 9510
4885 0
4886 -9510
4887 -5877
4888 5877
4889 9510
4890 0
4891 -9510
4892 -5877
4893 5877
4894 9510
4895 0
4896 -9510
4897 -5877
4898 5877
4899 9510
4900 0
4901 -9510
4902 -5877
4903 5877
4904 9510
4905 0
4906 -9510
4907 -5877
4908 5877
4909 9510
4910 0
4911 -9510
4912 -5877
4913 5877
4914 9510
4915 0
4916 -9510
4917 -5877
4918 5877
4919 9510
4920 0
4921 -9510
4922 -5877
4923 5877
4924 9510
4925 0
4926 -9510
4927 -5877
4928 5877
4929 9510
4930 0
4931 -9510
4932 -5877
4933 5877
4934 9510
4935 0
4936 -9510
4937 -5877
4938 5877
4939 9510
4940 0
4941 -9510
4942 -5877
4943 5877
4944 9510
4945 0
4946 -9510
4947 -5877
4948 5877
4949 9510
4950 0
4951 -9510
4952 -5877
4953 5877
4954 9510
4955 0
4956 -9510
4957 -5877
4958 5877
4959 9510
4960 0
4961 -9510
4962 -5877
4963 5877
4964 9510
4965 0
4966 -9510
4967 -5877
4968 5877
4969 9510
4970 0
4971 -9510
4972 -5877
4973 5877
4974 9510
4975 0
4976 -9510
4977 -5877
4978 5877
4979 9510
4980 0
4981 -9510
4982 -5877
4983 5877
4984 9510
4985 0
4986 -9510
4987 -5877
4988 5877
4989 9510
4990 0
4991 -9510
4992 -5877
4993 5877
4994 9510
4995 0
4996 -9510
4997 -5877
4998 5877
4999 9510
5000 0
5001 -9510
5002 -5877
5003 5877
5004 9510
5005 0
5006 -9510
5007 -5877
5008 5877
5009 9510
5010 0
5011 -9510
5012 -5877
5013 5877
5014 9510
5015 0
5016 -9510
5017 -5877
5018 5877
5019 9510
5020 0
5021 -9510
5022 -5877
5023 5877
5024 9510
5025 0
5026 -9510
5027 -5877
5028 5877
5029 9510
5030 0
5031 -9510
5032 -5877
5033 5877
5034 9510
5035 0
5036 -9510
5037 -5877
5038 5877
5039 9510
5040 0
5041 -9510
5042 -5877
5043 5877
5044 9510
5045 0
5046 -9510
5047 -5877
5048 5877
5049 9510
5050 0
5051 -9510
5052 -5877
5053 5877
5054 9510
5055 0
5056 -9510
5057 -5877
5058 5877
5059 9510
5060 0
5061 -9510
5062 -5877
5063 5877
5064 9510
5065 0
5066 -9510
5067 -5877
5068 5877
5069 9510
5070 0
5071 -9510
5072 -5877
5073 5877
5074 9510
5075 0
5076 -9510
5077 -5877
5078 5877
5079 9510
5080 0
5081 -9510
5082 -5877
5083 5877
5084 9510
5085 0
5086 -9510
5087 -5877
5088 5877
5089 9510
5090 0
5091 -9510
5092 -5877
5093 5877
5094 9510
5095 0
5096 -9510
5097 -5877
5098 5877
5099 9510
5100 0
5101 -9510
5102 -5877
5103 5877
5104 9510
5105 0
5106 -9510
5107 -5877
5108 5877
5109 9510
5110 0
5111 -9510
5112 -5877
5113 5877
5114 9510
5115 0
5116 -9510
5117 -5877
5118 5877
5119 9510
5120 0
5121 -9510
5122 -5877
5123 5877
5124 9510
5125 0
5126 -9510
5127 -5877
5128 5877
5129 9510
5130 0
5131 -9510
5132 -5877
5133 5877
5134 9510
5135 0
5136 -9510
5137 -5877
5138 5877
5139 9510
5140 0
5141 -9510
5142 -5877
5143 5877
5144 9510
5145 0
5146 -9510
5147 -5877
5148 5877
5149 9510
5150 0
5151 -9510
5152 -5877
5153 5877
5154 9510
5155 0
5156 -9510
5157 -5877
5158 5877
5159 9510
5160 0
5161 -9510
5162 -5877
5163 5877
5164 9510
5165 0
5166 -9510
5167 -5877
5168 5877
5169 9510
5170 0
5171 -9510
5172 -5877
5173 5877
5174 9510
5175 0
5176 -9510
5177 -5877
5178 5877
5179 9510
5180 0
5181 -9510
5182 -5877
5183 5877
5184 9510
5185 0
5186 -9510
5187 -5877
5188 5877
5189 9510
5190 0
5191 -9510
5192 -5877
5193 5877
5194 9510
5195 0
5196 -9510
5197 -5877
5198 5877
5199 9510
5200 0
5201 -9510
5202 -5877
5203 5877
5204 9510
5205 0
5206 -9510
5207 -5877
5208 5877
5209 9510
5210 0
5211 -9510
5212 -5877
5213 5877
5214 9510
5215 0
5216 -9510
5217 -5877
5218 5877
5219 9510
5220 0
5221 -9510
5222 -5877
5223 5877
5224 9510
5225 0
5226 -9510
5227 -5877
5228 5877
5229 9510
5230 0
5231 -9510
5232 -5877
5233 5877
5234 9510
5235 0
5236 -9510
5237 -5877
5238 5877
5239 9510
5240 0
5241 -9510
5242 -5877
5243 5877
5244 9510
5245 0
5246 -9510
5247 -5877
5248 5877
5249 9510
5250 0
5251 -9510
5252 -5877
5253 5877
5254 9510
5255 0
5256 -9510
5257 -5877
5258 5877
5259 9510
5260 0
5261 -9510
5262 -5877
5263 5877
5264 9510
5265 0
5266 -9510
5267 -5877
5268 5877
5269 9510
5270 0
5271 -9510
5272 -5877
5273 5877
5274 9510
5275 0
5276 -9510
5277 -5877
5278 5877
5279 9510
5280 0
5281 -9510
5282 -5877
5283 5877
5284 9510
5285 0
5286 -9510
5287 -5877
5288 5877
5289 9510
5290 0
5291 -9510
5292 -5877
5293 5877
5294 9510
5295 0
5296 -9510
5297 -5877
5298 5877
5299 9510
5300 0
5301 -9510
5302 -5877
5303 5877
5304 9510
5305 0
5306 -9510
5307 -5877
5308 5877
5309 9510
5310 0
5311 -9510
5312 -5877
5313 5877
5314 9510
5315 0
5316 -9510
5317 -5877
5318 5877
5319 9510
5320 0
5321 -9510
5322 -5877
5323 5877
5324 9510
5325 0
5326 -9510
5327 -5877
5328 5877
5329 9510
5330 0
5331 -9510
5332 -5877
5333 5877
5334 9510
5335 0
5336 -9510
5337 -5877
5338 5877
5339 9510
5340 0
5341 -9510
5342 -5877
5343 5877
5344 9510
5345 0
5346 -9510
5347 -5877
5348 5877
5349 9510
5350 0
5351 -9510
5352 -5877
5353 5877
5354 9510
5355 0
5356 -9510
5357 -5877
5358 5877
5359 9510
5360 0
5361 -9510
5362 -5877
5363 5877
5364 9510
5365 0
5366 -9510
5367 -5877
5368 5877
5369 9510
5370 0
5371 -9510
5372 -5877
5373 5877
5374 9510
5375 0
5376 -9510
5377 -5877
5378 5877
5379 9510
5380 0
5381 -9510
5382 -5877
5383 5877
5384 9510
5385 0
5386 -9510
5387 -5877
5388 5877
5389 9510
5390 0
5391 -9510
5392 -5877
5393 5877
5394 9510
5395 0
5396 -9510
5397 -5877
5398 5877
5399 9510
5400 0
5401 -9510
5402 -5877
5403 5877
5404 9510
5405 0
5406 -9510
5407 -5877
5408 5877
5409 9510
5410 0
5411 -9510
5412 -5877
5413 5877
5414 9510
5415 0
5416 -9510
5417 -5877
5418 5877
5419 9510
5420 0
5421 -9510
5422 -5877
5423 5877
5424 9510
5425 0
5426 -9510
5427 -5877
5428 5877
5429 9510
5430 0
5431 -9510
5432 -5877
5433 5877
5434 9510
5435 0
5436 -9510
5437 -5877
5438 5877
5439 9510
5440 0
5441 -9510
5442 -5877
5443 5877
5444 9510
5445 0
5446 -9510
5447 -5877
5448 5877
5449 9510
5450 0
5451 -9510
5452 -5877
5453 5877
5454 9510
5455 0
5456 -9510
5457 -5877
5458 5877
5459 9510
5460 0
5461 -9510
5462 -5877
5463 5877
5464 9510
5465 0
5466 -9510
5467 -5877
5468 5877
5469 9510
5470 0
5471 -9510
5472 -5877
5473 5877
5474 9510
5475 0
5476 -9510
5477 -5877
5478 5877
5479 9510
5480 0
5481 -9510
5482 -5877
5483 5877
5484 9510
5485 0
5486 -9510
5487 -5877
5488 5877
5489 9510
5490 0
5491 -9510
5492 -5877
5493 5877
5494 9510
5495 0
5496 -9510
5497 -5877
5498 5877
5499 9510
5500 0
5501 -9510
5502 -5877
5503 5877
5504 9510
5505 0
5506 -9510
5507 -5877
5508 5877
5509 9510
5510 0
5511 -9510
5512 -5877
5513 5877
5514 9510
5515 0
5516 -9510
5517 -5877
5518 5877
5519 9510
5520 0
5521 -9510
5522 -5877
5523 5877
5524 9510
5525 0
5526 -9510
5527 -5877
5528 5877
5529 9510
5530 0
5531 -9510
5532 -5877
5533 5877
5534 9510
5535 0
5536 -9510
5537 -5877
5538 5877
5539 9510
5540 0
5541 -9510
5542 -5877
5543 5877
5544 9510
5545 0
5546 -9510
5547 -5877
5548 5877
5549 9510
5550 0
5551 -9510
5552 -5877
5553 5877
5554 9510
5555 0
5556 -9510
5557 -5877
5558 5877
5559 9510
5560 0
5561 -9510
5562 -5877
5563 5877
5564 9510
5565 0
5566 -9510
5567 -5877
5568 5877
5569 9510
5570 0
5571 -9510
5572 -5877
5573 5877
5574 9510
5575 0
5576 -9510
5577 -5877
5578 5877
5579 9510
5580 0
5581 -9510
5582 -5877
5583 5877
5584 9510
5585 0
5586 -9510
5587 -5877
5588 5877
5589 9510
5590 0
5591 -9510
5592 -5877
5593 5877
5594 9510
5595 0
5596 -9510
5597 -5877
5598 5877
5599 9510
5600 0
5601 -9510
5602 -5877
5603 5877
5604 9510
5605 0
5606 -9510
5607 -5877
5608 5877
5609 9510
5610 0
5611 -9510
5612 -5877
5613 5877
5614 9510
5615 0
5616 -9510
5617 -5877
5618 5877
5619 9510
5620 0
5621 -9510
5622 -5877
5623 5877
5624 9510
5625 0
5626 -9510
5627 -5877
5628 5877
5629 9510
5630 0
5631 -9510
5632 -5877
5633 5877
5634 9510
5635 0
5636 -9510
5637 -5877
5638 5877
5639 9510
5640 0
5641 -9510
5642 -5877
5643 5877
5644 9510
5645 0
5646 -9510
5647 -5877
5648 5877
5649 9510
5650 0
5651 -9510
5652 -5877
5653 5877
5654 9510
5655 0
5656 -9510
5657 -5877
5658 5877
5659 9510
5660 0
5661 -9510
5662 -5877
5663 5877
5664 9510
5665 0
5666 -9510
5667 -5877
5668 5877
5669 9510
5670 0
5671 -9510
5672 -5877
5673 5877
5674 9510
5675 0
5676 -9510
5677 -5877
5678 5877
5679 9510
5680 0
5681 -9510
5682 -5877
5683 5877
5684 9510
5685 0
5686 -9510
5687 -5877
5688 5877
5689 9510
5690 0
5691 -9510
5692 -5877
5693 5877
5694 9510
5695 0
5696 -9510
5697 -5877
5698 5877
5699 9510
5700 0
5701 -9510
5702 -5877
5703 5877
5704 9510
5705 0
5706 -9510
5707 -5877
5708 5877
5709 9510
5710 0
5711 -9510
5712 -5877
5713 5877
5714 9510
5715 0
5716 -9510
5717 -5877
5718 5877
5719 9510
5720 0
5721 -9510
5722 -5877
5723 5877
5724 9510
5725 0
5726 -9510
5727 -5877
5728 5877
5729 9510
5730 0
5731 -9510
5732 -5877
5733 5877
5734 9510
5735 0
5736 -9510
5737 -5877
5738 5877
5739 9510
5740 0
5741 -9510
5742 -5877
5743 5877
5744 9510
5745 0
5746 -9510
5747 -5877
5748 5877
5749 9510
5750 0
5751 -9510
5752 -5877
5753 5877
5754 9510
5755 0
5756 -9510
5757 -5877
5758 5877
5759 9510
5760 0
5761 -9510
5762 -5877
5763 5877
5764 9510
5765 0
5766 -9510
5767 -5877
5768 5877
5769 9510
5770 0
5771 -9510
5772 -5877
5773 5877
5774 9510
5775 0
5776 -9510
5777 -5877
5778 5877
5779 9510
5780 0
5781 -9510
5782 -5877
5783 5877
5784 9510
5785 0
5786 -9510
5787 -5877
5788 5877
5789 9510
5790 0
5791 -9510
5792 -5877
5793 5877
5794 9510
5795 0
5796 -9510
5797 -5877
5798 5877
5799 9510
5800 0
5801 -9510
5802 -5877
5803 5877
5804 9510
5805 0
5806 -9510
5807 -5877
5808 5877
5809 9510
5810 0
5811 -9510
5812 -5877
5813 5877
5814 9510
5815 0
5816 -9510
5817 -5877
5818 5877
5819 9510
5820 0
5821 -9510
5822 -5877
5823 5877
5824 9510
5825 0
5826 -9510
5827 -5877
5828 5877
5829 9510
5830 0
5831 -9510
5832 -5877
5833 5877
5834 9510
5835 0
5836 -9510
5837 -5877
5838 5877
5839 9510
5840 0
5841 -9510
5842 -5877
5843 5877
5844 9510
5845 0
5846 -9510
5847 -5877
5848 5877
5849 9510
5850 0
5851 -9510
5852 -5877
5853 5877
5854 9510
5855 0
5856 -9510
5857 -5877
5858 5877
5859 9510
5860 0
5861 -9510
5862 -5877
5863 5877
5864 9510
5865 0
5866 -9510
5867 -5877
5868 5877
5869 9510
5870 0
5871 -9510
5872 -5877
5873 5877
5874 9510
5875 0
5876 -9510
5877 -5877
5878 5877
5879 9510
5880 0
5881 -9510
5882 -5877
5883 5877
5884 9510
5885 0
5886 -9510
5887 -5877
5888 5877
5889 9510
5890 0
5891 -9510
5892 -5877
5893 5877
5894 9510
5895 0
5896 -9510
5897 -5877
5898 5877
5899 9510
5900 0
5901 -9510
5902 -5877
5903 5877
5904 9510
5905 0
5906 -9510
5907 -5877
5908 5877
5909 9510
5910 0
5911 -9510
5912 -5877
5913 5877
5914 9510
5915 0
5916 -9510
5917 -5877
5918 5877
5919 9510
5920 0
5921 -9510
5922 -5877
5923 5877
5924 9510
5925 0
5926 -9510
5927 -5877
5928 5877
5929 9510
5930 0
5931 -9510
5932 -5877
5933 5877
5934 9510
5935 0
5936 -9510
5937 -5877
5938 5877
5939 9510
5940 0
5941 -9510
5942 -5877
5943 5877
5944 9510
5945 0
5946 -9510
5947 -5877
5948 5877
5949 9510
5950 0
5951 -9510
5952 -5877
5953 5877
5954 9510
5955 0
5956 -9510
5957 -5877
5958 5877
5959 9510
5960 0
5961 -9510
5962 -5877
5963 5877
5964 9510
5965 0
5966 -9510
5967 -5877
5968 5877
5969 9510
5970 0
5971 -9510
5972 -5877
5973 5877
5974 9510
5975 0
5976 -9510
5977 -5877
5978 5877
5979 9510
5980 0
5981 -9510
5982 -5877
5983 5877
5984 9510
5985 0
5986 -9510
5987 -5877
5988 5877
5989 9510
5990 0
5991 -9510
5992 -5877
5993 5877
5994 9510
5995 0
5996 -9510
5997 -5877
5998 5877
5999 9510
6000 0
6001 -9510
6002 -5877
6003 5877
6004 9510
6005 0
6006 -9510
6007 -5877
6008 5877
6009 9510
6010 0
6011 -9510
6012 -5877
6013 5877
6014 9510
6015 0
6016 -9510
6017 -5877
6018 5877
6019 9510
6020 0
6021 -9510
6022 -5877
6023 5877
6024 9510
6025 0
6026 -9510
6027 -5877
6028 5877
6029 9510
6030 0
6031 -9510
6032 -5877
6033 5877
6034 9510
6035 0
6036 -9510
6037 -5877
6038 5877
6039 9510
6040 0
6041 -9510
6042 -5877
6043 5877
6044 9510
6045 0
6046 -9510
6047 -5877
6048 5877
6049 9510
6050 0
6051 -9510
6052 -5877
6053 5877
6054 9510
6055 0
6056 -9510
6057 -5877
6058 5877
6059 9510
6060 0
6061 -9510
6062 -5877
6063 5877
6064 9510
6065 0
6066 -9510
6067 -5877
6068 5877
6069 9510
6070 0
6071 -9510
6072 -5877
6073 5877
6074 9510
6075 0
6076 -9510
6077 -5877
6078 5877
6079 9510
6080 0
6081 -9510
6082 -5877
6083 5877
6084 9510
6085 0
6086 -9510
6087 -5877
6088 5877
6089 9510
6090 0
6091 -9510
6092 -5877
6093 5877
6094 9510
6095 0
6096 -9510
6097 -5877
6098 5877
6099 9510
6100 0
6101 -9510
6102 -5877
6103 5877
6104 9510
6105 0
6106 -9510
6107 -5877
6108 5877
6109 9510
6110 0
6111 -9510
6112 -5877
6113 5877
6114 9510
6115 0
6116 -9510
6117 -5877
6118 5877
6119 9510
6120 0
6121 -9510
6122 -5877
6123 5877
6124 9510
6125 0
6126 -9510
6127 -5877
6128 5877
6129 9510
6130 0
6131 -9510
6132 -5877
6133 5877
6134 9510
6135 0
6136 -9510
6137 -5877
6138 5877
6139 9510
6140 0
6141 -9510
6142 -5877
6143 5877
6144 9510
6145 0
6146 -9510
6147 -5877
6148 5877
6149 9510
6150 0
6151 -9510
6152 -5877
6153 5877
6154 9510
6155 0
6156 -9510
6157 -5877
6158 5877
6159 9510
6160 0
6161 -9510
6162 -5877
6163 5877
6164 9510
6165 0
6166 -9510
6167 -5877
6168 5877
6169 9510
6170 0
6171 -9510
6172 -5877
6173 5877
6174 9510
6175 0
6176 -9510
6177 -5877
6178 5877
6179 9510
6180 0
6181 -9510
6182 -5877
6183 5877
6184 9510
6185 0
6186 -9510
6187 -5877
6188 5877
6189 9510
6190 0
6191 -9510
6192 -5877
6193 5877
6194 9510
6195 0
6196 -9510
6197 -5877
6198 5877
6199 9510
6200 0
6201 -9510
6202 -5877
6203 5877
6204 9510
6205 0
6206 -9510
6207 -5877
6208 5877
6209 9510
6210 0
6211 -9510
6212 -5877
6213 5877
6214 9510
6215 0
6216 -9510
6217 -5877
6218 5877
6219 9510
6220 0
6221 -9510
6222 -5877
6223 5877
6224 9510
6225 0
6226 -9510
6227 -5877
6228 5877
6229 9510
6230 0
6231 -9510
6232 -5877
6233 5877
6234 9510
6235 0
6236 -9510
6237 -5877
6238 5877
6239 9510
6240 0
6241 -9510
6242 -5877
6243 5877
6244 9510
6245 0
6246 -9510
6247 -5877
6248 5877
6249 9510
6250 0
6251 -9510
6252 -5877
6253 5877
6254 9510
6255 0
6256 -9510
6257 -5877
6258 5877
6259 9510
6260 0
6261 -9510
6262 -5877
6263 5877
6264 9510
6265 0
6266 -9510
6267 -5877
6268 5877
6269 9510
6270 0
6271 -9510
6272 -5877
6273 5877
6274 9510
6275 0
6276 -9510
6277 -5877
6278 5877
6279 9510
6280 0
6281 -9510
6282 -5877
6283 5877
6284 9510
6285 0
6286 -9510
6287 -5877
6288 5877
6289 9510
6290 0
6291 -9510
6292 -5877
6293 5877
6294 9510
6295 0
6296 -9510
6297 -5877
6298 5877
6299 9510
6300 0
6301 -9510
6302 -5877
6303 5877
6304 9510
6305 0
6306 -9510
6307 -5877
6308 5877
6309 9510
6310 0
6311 -9510
6312 -5877
6313 5877
6314 9510
6315 0
6316 -9510
6317 -5877
6318 5877
6319 9510
6320 0
6321 -9510
6322 -5877
6323 5877
6324 9510
6325 0
6326 -9510
6327 -5877
6328 5877
6329 9510
6330 0
6331 -9510
6332 -5877
6333 5877
6334 9510
6335 0
6336 -9510
6337 -5877
6338 5877
6339 9510
6340 0
6341 -9510
6342 -5877
6343 5877
6344 9510
6345 0
6346 -9510
6347 -5877
6348 5877
6349 9510
6350 0
6351 -9510
6352 -5877
6353 5877
6354 9510
6355 0
6356 -9510
6357 -5877
6358 5877
6359 9510
6360 0
6361 -9510
6362 -5877
6363 5877
6364 9510
6365 0
6366 -9510
6367 -5877
6368 5877
6369 9510
6370 0
6371 -9510
6372 -5877
6373 5877
6374 9510
6375 0
6376 -9510
6377 -5877
6378 5877
6379 9510
6380 0
6381 -9510
6382 -5877
6383 5877
6384 9510
6385 0
6386 -9510
6387 -5877
6388 5877
6389 9510
6390 0
6391 -9510
6392 -5877
6393 5877
6394 9510
6395 0
6396 -9510
6397 -5877
6398 5877
6399 9510
6400 0
6401 -9510
6402 -5877
6403 5877
6404 9510
6405 0
6406 -9510
6407 -5877
6408 5877
6409 9510
6410 0
6411 -9510
6412 -5877
6413 5877
6414 9510
6415 0
6416 -9510
6417 -5877
6418 5877
6419 9510
6420 0
6421 -9510
6422 -5877
6423 5877
6424 9510
6425 0
6426 -9510
6427 -5877
6428 5877
6429 9510
6430 0
6431 -9510
6432 -5877
6433 5877
6434 9510
6435 0
6436 -9510
6437 -5877
6438 5877
6439 9510
6440 0
6441 -9510
6442 -5877
6443 5877
6444 9510
6445 0
6446 -9510
6447 -5877
6448 5877
6449 9510
6450 0
6451 -9510
6452 -5877
6453 5877
6454 9510
6455 0
6456 -9510
6457 -5877
6458 5877
6459 9510
6460 0
6461 -9510
6462 -5877
6463 5877
6464 9510
6465 0
6466 -9510
6467 -5877
6468 5877
6469 9510
6470 0
6471 -9510
6472 -5877
6473 5877
6474 9510
6475 0
6476 -9510
6477 -5877
6478 5877
6479 9510
6480 0
6481 -9510
6482 -5877
6483 5877
6484 9510
6485 0
6486 -9510
6487 -5877
6488 5877
6489 9510
6490 0
6491 -9510
6492 -5877
6493 5877
6494 9510
6495 0
6496 -9510
6497 -5877
6498 5877
6499 9510
6500 0
6501 -9510
6502 -5877
6503 5877
6504 9510
6505 0
6506 -9510
6507 -5877
6508 5877
6509 9510
6510 0
6511 -9510
6512 -5877
6513 5877
6514 9510
6515 0
6516 -9510
6517 -5877
6518 5877
6519 9510
6520 0
6521 -9510
6522 -5877
6523 5877
6524 9510
6525 0
6526 -9510
6527 -5877
6528 5877
6529 9510
6530 0
6531 -9510
6532 -5877
6533 5877
6534 9510
6535 0
6536 -9510
6537 -5877
6538 5877
6539 9510
6540 0
6541 -9510
6542 -5877
6543 5877
6544 9510
6545 0
6546 -9510
6547 -5877
6548 5877
6549 9510
6550 0
6551 -9510
6552 -5877
6553 5877
6554 9510
6555 0
6556 -9510
6557 -5877
6558 5877
6559 9510
6560 0
6561 -9510
6562 -5877
6563 5877
6564 9510
6565 0
6566 -9510
6567 -5877
6568 5877
6569 9510
6570 0
6571 -9510
6572 -5877
6573 5877
6574 9510
6575 0
6576 -9510
6577 -5877
6578 5877
6579 9510
6580 0
6581 -9510
6582 -5877
6583 5877
6584 9510
6585 0
6586 -9510
6587 -5877
6588 5877
6589 9510
6590 0
6591 -9510
6592 -5877
6593 5877
6594 9510
6595 0
6596 -9510
6597 -5877
6598 5877
6599 9510
6600 0
6601 -9510
6602 -5877
6603 5877
6604 9510
6605 0
6606 -9510
6607 -5877
6608 5877
6609 9510
6610 0
6611 -9510
6612 -5877
6613 5877
6614 9510
6615 0
6616 -9510
6617 -5877
6618 5877
6619 9510
6620 0
6621 -9510
6622 -5877
6623 5877
6624 9510
6625 0
6626 -9510
6627 -5877
6628 5877
6629 9510
6630 0
6631 -9510
6632 -5877
6633 5877
6634 9510
6635 0
6636 -9510
6637 -5877
6638 5877
6639 9510
6640 0
6641 -9510
6642 -5877
6643 5877
6644 9510
6645 0
6646 -9510
6647 -5877
6648 5877
6649 9510
6650 0
6651 -9510
6652 -5877
6653 5877
6654 9510
6655 0
6656 -9510
6657 -5877
6658 5877
6659 9510
6660 0
6661 -9510
6662 -5877
6663 5877
6664 9510
6665 0
6666 -9510
6667 -5877
6668 5877
6669 9510
6670 0
6671 -9510
6672 -5877
6673 5877
6674 9510
6675 0
6676 -9510
6677 -5877
6678 5877
6679 9510
6680 0
6681 -9510
6682 -5877
6683 5877
6684 9510
6685 0
6686 -9510
6687 -5877
6688 5877
6689 9510
6690 0
6691 -9510
6692 -5877
6693 5877
6694 9510
6695 0
6696 -9510
6697 -5877
6698 5877
6699 9510
6700 0
6701 -9510
6702 -5877
6703 5877
6704 9510
6705 0
6706 -9510
6707 -5877
6708 5877
6709 9510
6710 0
6711 -9510
6712 -5877
6713 5877
6714 9510
6715 0
6716 -9510
6717 -5877
6718 5877
6719 9510
6720 0
6721 -9510
6722 -5877
6723 5877
6724 9510
6725 0
6726 -9510
6727 -5877
6728 5877
6729 9510
6730 0
6731 -9510
6732 -5877
6733 5877
6734 9510
6735 0
6736 -9510
6737 -5877
6738 5877
6739 9510
6740 0
6741 -9510
6742 -5877
6743 5877
6744 9510
6745 0
6746 -9510
6747 -5877
6748 5877
6749 9510
6750 0
6751 -9510
6752 -5877
6753 5877
6754 9510
6755 0
6756 -9510
6757 -5877
6758 5877
6759 9510
6760 0
6761 -9510
6762 -5877
6763 5877
6764 9510
6765 0
6766 -9510
6767 -5877
6768 5877
6769 9510
6770 0
6771 -9510
6772 -5877
6773 5877
6774 9510
6775 0
6776 -9510
6777 -5877
6778 5877
6779 9510
6780 0
6781 -9510
6782 -5877
6783 5877
6784 9510
6785 0
6786 -9510
6787 -5877
6788 5877
6789 9510
6790 0
6791 -9510
6792 -5877
6793 5877
6794 9510
6795 0
6796 -9510
6797 -5877
6798 5877
6799 9510
6800 0
6801 -9510
6802 -5877
6803 5877
6804 9510
6805 0
6806 -9510
6807 -5877
6808 5877
6809 9510
6810 0
6811 -9510
6812 -5877
6813 5877
6814 9510
6815 0
6816 -9510
6817 -5877
6818 5877
6819 9510
6820 0
6821 -9510
6822 -5877
6823 5877
6824 9510
6825 0
6826 -9510
6827 -5877
6828 5877
6829 9510
6830 0
6831 -9510
6832 -5877
6833 5877
6834 9510
6835 0
6836 -9510
6837 -5877
6838 5877
6839 9510
6840 0
6841 -9510
6842 -5877
6843 5877
6844 9510
6845 0
6846 -9510
6847 -5877
6848 5877
6849 9510
6850 0
6851 -9510
6852 -5877
6853 5877
6854 9510
6855 0
6856 -9510
6857 -5877
6858 5877
6859 9510
6860 0
6861 -9510
6862 -5877
6863 5877
6864 9510
6865 0
6866 -9510
6867 -5877
6868 5877
6869 9510
6870 0
6871 -9510
6872 -5877
6873 5877
6874 9510
6875 0
6876 -9510
6877 -5877
6878 5877
6879 9510
6880 0
6881 -9510
6882 -5877
6883 5877
6884 9510
6885 0
6886 -9510
6887 -5877
6888 5877
6889 9510
6890 0
6891 -9510
6892 -5877
6893 5877
6894 9510
6895 0
6896 -9510
6897 -5877
6898 5877
6899 9510
6900 0
6901 -9510
6902 -5877
6903 5877
6904 9510
6905 0
6906 -9510
6907 -5877
6908 5877
6909 9510
6910 0
6911 -9510
6912 -5877
6913 5877
6914 9510
6915 0
6916 -9510
6917 -5877
6918 5877
6919 9510
6920 0
6921 -9510
6922 -5877
6923 5877
6924 9510
6925 0
6926 -9510
6927 -5877
6928 5877
6929 9510
6930 0
6931 -9510
6932 -5877
6933 5877
6934 9510
6935 0
6936 -9510
6937 -5877
6938 5877
6939 9510
6940 0
6941 -9510
6942 -5877
6943 5877
6944 9510
6945 0
6946 -9510
6947 -5877
6948 5877
6949 9510
6950 0
6951 -9510
6952 -5877
6953 5877
6954 9510
6955 0
6956 -9510
6957 -5877
6958 5877
6959 9510
6960 0
6961 -9510
6962 -5877
6963 5877
6964 9510
6965 0
6966 -9510
6967 -5877
6968 5877
6969 9510
6970 0
6971 -9510
6972 -5877
6973 5877
6974 9510
6975 0
6976 -9510
6977 -5877
6978 5877
6979 9510
6980 0
6981 -9510
6982 -5877
6983 5877
6984 9510
6985 0
6986 -9510
6987 -5877
6988 5877
6989 9510
6990 0
6991 -9510
6992 -5877
6993 5877
6994 9510
6995 0
6996 -9510
6997 -5877
6998 5877
6999 9510
7000 0
7001 -9510
7002 -5877
7003 5877
7004 9510
7005 0
7006 -9510
7007 -5877
7008 5877
7009 9510
7010 0
7011 -9510
7012 -5877
7013 5877
7014 9510
7015 0
7016 -9510
7017 -5877
7018 5877
7019 9510
7020 0
7021 -9510
7022 -5877
7023 5877
7024 9510
7025 0
7026 -9510
7027 -5877
7028 5877
7029 9510
7030 0
7031 -9510
7032 -5877
7033 5877
7034 9510
7035 0
7036 -9510
7037 -5877
7038 5877
7039 9510
7040 0
7041 -9510
7042 -5877
7043 5877
7044 9510
7045 0
7046 -9510
7047 -5877
7048 5877
7049 9510
7050 0
7051 -9510
7052 -5877
7053 5877
7054 9510
7055 0
7056 -9510
7057 -5877
7058 5877
7059 9510
7060 0
7061 -9510
7062 -5877
7063 5877
7064 9510
7065 0
7066 -9510
7067 -5877
7068 5877
7069 9510
7070 0
7071 -9510
7072 -5877
7073 5877
7074 9510
7075 0
7076 -9510
7077 -5877
7078 5877
7079 9510
7080 0
7081 -9510
7082 -5877
7083 5877
7084 9510
7085 0
7086 -9510
7087 -5877
7088 5877
7089 9510
7090 0
7091 -9510
7092 -5877
7093 5877
7094 9510
7095 0
7096 -9510
7097 -5877
7098 5877
7099 9510
7100 0
7101 -9510
7102 -5877
7103 5877
7104 9510
7105 0
7106 -9510
7107 -5877
7108 5877
7109 9510
7110 0
7111 -9510
7112 -5877
7113 5877
7114 9510
7115 0
7116 -9510
7117 -5877
7118 5877
7119 9510
7120 0
7121 -9510
7122 -5877
7123 5877
7124 9510
7125 0
7126 -9510
7127 -5877
7128 5877
7129 9510
7130 0
7131 -9510
7132 -5877
7133 5877
7134 9510
7135 0
7136 -9510
7137 -5877
7138 5877
7139 9510
7140 0
7141 -9510
7142 -5877
7143 5877
7144 9510
7145 0
7146 -9510
7147 -5877
7148 5877
7149 9510
7150 0
7151 -9510
7152 -5877
7153 5877
7154 9510
7155 0
7156 -9510
7157 -5877
7158 5877
7159 9510
7160 0
7161 -9510
7162 -5877
7163 5877
7164 9510
7165 0
7166 -9510
7167 -5877
7168 5877
7169 9510
7170 0
7171 -9510
7172 -5877
7173 5877
7174 9510
7175 0
7176 -9510
7177 -5877
7178 5877
7179 9510
7180 0
7181 -9510
7182 -5877
7183 5877
7184 9510
7185 0
7186 -9510
7187 -5877
7188 5877
7189 9510
7190 0
7191 -9510
7192 -5877
7193 5877
7194 9510
7195 0
7196 -9510
7197 -5877
7198 5877
7199 9510
7200 0
7201 -9510
7202 -5877
7203 5877
7204 9510
7205 0
7206 -9510
7207 -5877
7208 5877
7209 9510
7210 0
7211 -9510
7212 -5877
7213 5877
7214 9510
7215 0
7216 -9510
7217 -5877
7218 5877
7219 9510
7220 0
7221 -9510
7222 -5877
7223 5877
7224 9510
7225 0
7226 -9510
7227 -5877
7228 5877
7229 9510
7230 0
7231 -9510
7232 -5877
7233 5877
7234 9510
7235 0
7236 -9510
7237 -5877
7238 5877
7239 9510
7240 0
7241 -9510
7242 -5877
7243 5877
7244 9510
7245 0
7246 -9510
7247 -5877
7248 5877
7249 9510
7250 0
7251 -9510
7252 -5877
7253 5877
7254 9510
7255 0
7256 -9510
7257 -5877
7258 5877
7259 9510
7260 0
7261 -9510
7262 -5877
7263 5877
7264 9510
7265 0
7266 -9510
7267 -5877
7268 5877
7269 9510
7270 0
7271 -9510
7272 -5877
7273 5877
7274 9510
7275 0
7276 -9510
7277 -5877
7278 5877
7279 9510
7280 0
7281 -9510
7282 -5877
7283 5877
7284 9510
7285 0
7286 -9510
7287 -5877
7288 5877
7289 9510
7290 0
7291 -9510
7292 -5877
7293 5877
7294 9510
7295 0
7296 -9510
7297 -5877
7298 5877
7299 9510
7300 0
7301 -9510
7302 -5877
7303 5877
7304 9510
7305 0
7306 -9510
7307 -5877
7308 5877
7309 9510
7310 0
7311 -9510
7312 -5877
7313 5877
7314 9510
7315 0
7316 -9510
7317 -5877
7318 5877
7319 9510
7320 0
7321 -9510
7322 -5877
7323 5877
7324 9510
7325 0
7326 -9510
7327 -5877
7328 5877
7329 9510
7330 0
7331 -9510
7332 -5877
7333 5877
7334 9510
7335 0
7336 -9510
7337 -5877
7338 5877
7339 9510
7340 0
7341 -9510
7342 -5877
7343 5877
7344 9510
7345 0
7346 -9510
7347 -5877
7348 5877
7349 9510
7350 0
7351 -9510
7352 -5877
7353 5877
7354 9510
7355 0
7356 -9510
7357 -5877
7358 5877
7359 9510
7360 0
7361 -9510
7362 -5877
7363 5877
7364 9510
7365 0
7366 -9510
7367 -5877
7368 5877
7369 9510
7370 0
7371 -9510
7372 -5877
7373 5877
7374 9510
7375 0
7376 -9510
7377 -5877
7378 5877
7379 9510
7380 0
7381 -9510
7382 -5877
7383 5877
7384 9510
7385 0
7386 -9510
7387 -5877
7388 5877
7389 9510
7390 0
7391 -9510
7392 -5877
7393 5877
7394 9510
7395 0
7396 -9510
7397 -5877
7398 5877
7399 9510
7400 0
7401 -9510
7402 -5877
7403 5877
7404 9510
7405 0
7406 -9510
7407 -5877
7408 5877
7409 9510
7410 0
7411 -9510
7412 -5877
7413 5877
7414 9510
7415 0
7416 -9510
7417 -5877
7418 5877
7419 9510
7420 0
7421 -9510
7422 -5877
7423 5877
7424 9510
7425 0
7426 -9510
7427 -5877
7428 5877
7429 9510
7430 0
7431 -9510
7432 -5877
7433 5877
7434 9510
7435 0
7436 -9510
7437 -5877
7438 5877
7439 9510
7440 0
7441 -9510
7442 -5877
7443 5877
7444 9510
7445 0
7446 -9510
7447 -5877
7448 5877
7449 9510
7450 0
7451 -9510
7452 -5877
7453 5877
7454 9510
7455 0
7456 -9510
7457 -5877
7458 5877
7459 9510
7460 0
7461 -9510
7462 -5877
7463 5877
7464 9510
7465 0
7466 -9510
7467 -5877
7468 5877
7469 9510
7470 0
7471 -9510
7472 -5877
7473 5877
7474 9510
7475 0
7476 -9510
7477 -5877
7478 5877
7479 9510
7480 0
7481 -9510
7482 -5877
7483 5877
7484 9510
7485 0
7486 -9510
7487 -5877
7488 5877
7489 9510
7490 0
7491 -9510
7492 -5877
7493 5877
7494 9510
7495 0
7496 -9510
7497 -5877
7498 5877
7499 9510
7500 0
7501 -9510
7502 -5877
7503 5877
7504 9510
7505 0
7506 -9510
7507 -5877
7508 5877
7509 9510
7510 0
7511 -9510
7512 -5877
7513 5877
7514 9510
7515 0
7516 -9510
7517 -5877
7518 5877
7519 9510
7520 0
7521 -9510
7522 -5877
7523 5877
7524 9510
7525 0
7526 -9510
7527 -5877
7528 5877
7529 9510
7530 0
7531 -9510
7532 -5877
7533 5877
7534 9510
7535 0
7536 -9510
7537 -5877
7538 5877
7539 9510
7540 0
7541 -9510
7542 -5877
7543 5877
7544 9510
7545 0
7546 -9510
7547 -5877
7548 5877
7549 9510
7550 0
7551 -9510
7552 -5877
7553 5877
7554 9510
7555 0
7556 -9510
7557 -5877
7558 5877
7559 9510
7560 0
7561 -9510
7562 -5877
7563 5877
7564 9510
7565 0
7566 -9510
7567 -5877
7568 5877
7569 9510
7570 0
7571 -9510
7572 -5877
7573 5877
7574 9510
7575 0
7576 -9510
7577 -5877
7578 5877
7579 9510
7580 0
7581 -9510
7582 -5877
7583 5877
7584 9510
7585 0
7586 -9510
7587 -5877
7588 5877
7589 9510
7590 0
7591 -9510
7592 -5877
7593 5877
7594 9510
7595 0
7596 -9510
7597 -5877
7598 5877
7599 9510
7600 0
7601 -9510
7602 -5877
7603 5877
7604 9510
7605 0
7606 -9510
7607 -5877
7608 5877
7609 9510
7610 0
7611 -9510
7612 -5877
7613 5877
7614 9510
7615 0
7616 -9510
7617 -5877
7618 5877
7619 9510
7620 0
7621 -9510
7622 -5877
7623 5877
7624 9510
7625 0
7626 -9510
7627 -5877
7628 5877
7629 9510
7630 0
7631 -9510
7632 -5877
7633 5877
7634 9510
7635 0
7636 -9510
7637 -5877
7638 5877
7639 9510
7640 0
7641 -9510
7642 -5877
7643 5877
7644 9510
7645 0
7646 -9510
7647 -5877
7648 5877
7649 9510
7650 0
7651 -9510
7652 -5877
7653 5877
7654 9510
7655 0
7656 -9510
7657 -5877
7658 5877
7659 9510
7660 0
7661 -9510
7662 -5877
7663 5877
7664 9510
7665 0
7666 -9510
7667 -5877
7668 5877
7669 9510
7670 0
7671 -9510
7672 -5877
7673 5877
7674 9510
7675 0
7676 -9510
7677 -5877
7678 5877
7679 9510
7680 0
7681 -9510
7682 -5877
7683 5877
7684 9510
7685 0
7686 -9510
7687 -5877
7688 5877
7689 9510
7690 0
7691 -9510
7692 -5877
7693 5877
7694 9510
7695 0
7696 -9510
7697 -5877
7698 5877
7699 9510
7700 0
7701 -9510
7702 -5877
7703 5877
7704 9510
7705 0
7706 -9510
7707 -5877
7708 5877
7709 9510
7710 0
7711 -9510
7712 -5877
7713 5877
7714 9510
7715 0
7716 -9510
7717 -5877
7718 5877
7719 9510
7720 0
7721 -9510
7722 -5877
7723 5877
7724 9510
7725 0
7726 -9510
7727 -5877
7728 5877
7729 9510
7730 0
7731 -9510
7732 -5877
7733 5877
7734 9510
7735 0
7736 -9510
7737 -5877
7738 5877
7739 9510
7740 0
7741 -9510
7742 -5877
7743 5877
7744 9510
7745 0
7746 -9510
7747 -5877
7748 5877
7749 9510
7750 0
7751 -9510
7752 -5877
7753 5877
7754 9510
7755 0
7756 -9510
7757 -5877
7758 5877
7759 9510
7760 0
7761 -9510
7762 -5877
7763 5877
7764 9510
7765 0
7766 -9510
7767 -5877
7768 5877
7769 9510
7770 0
7771 -9510
7772 -5877
7773 5877
7774 9510
7775 0
7776 -9510
7777 -5877
7778 5877
7779 9510
7780 0
7781 -9510
7782 -5877
7783 5877
7784 9510
7785 0
7786 -9510
7787 -5877
7788 5877
7789 9510
7790 0
7791 -9510
7792 -5877
7793 5877
7794 9510
7795 0
7796 -9510
7797 -5877
7798 5877
7799 9510
7800 0
7801 -9510
7802 -5877
7803 5877
7804 9510
7805 0
7806 -9510
7807 -5877
7808 5877
7809 9510
7810 0
7811 -9510
7812 -5877
7813 5877
7814 9510
7815 0
7816 -9510
7817 -5877
7818 5877
7819 9510
7820 0
7821 -9510
7822 -5877
7823 5877
7824 9510
7825 0
7826 -9510
7827 -5877
7828 5877
7829 9510
7830 0
7831 -9510
7832 -5877
7833 5877
7834 9510
7835 0
7836 -9510
7837 -5877
7838 5877
7839 9510
7840 0
7841 -9510
7842 -5877
7843 5877
7844 9510
7845 0
7846 -9510
7847 -5877
7848 5877
7849 9510
7850 0
7851 -9510
7852 -5877
7853 5877
7854 9510
7855 0
7856 -9510
7857 -5877
7858 5877
7859 9510
7860 0
7861 -9510
7862 -5877
7863 5877
7864 9510
7865 0
7866 -9510
7867 -5877
7868 5877
7869 9510
7870 0
7871 -9510
7872 -5877
7873 5877
7874 9510
7875 0
7876 -9510
7877 -5877
7878 5877
7879 9510
7880 0
7881 -9510
7882 -5877
7883 5877
7884 9510
7885 0
7886 -9510
7887 -5877
7888 5877
7889 9510
7890 0
7891 -9510
7892 -5877
7893 5877
7894 9510
7895 0
7896 -9510
7897 -5877
7898 5877
7899 9510
7900 0
7901 -9510
7902 -5877
7903 5877
7904 9510
7905 0
7906 -9510
7907 -5877
7908 5877
7909 9510
7910 0
7911 -9510
7912 -5877
7913 5877
7914 9510
7915 0
7916 -9510
7917 -5877
7918 5877
7919 9510
7920 0
7921 -9510
7922 -5877
7923 5877
7924 9510
7925 0
7926 -9510
7927 -5877
7928 5877
7929 9510
7930 0
7931 -9510
7932 -5877
7933 5877
7934 9510
7935 0
7936 -9510
7937 -5877
7938 5877
7939 9510
7940 0
7941 -9510
7942 -5877
7943 5877
7944 9510
7945 0
7946 -9510
7947 -5877
7948 5877
7949 9510
7950 0
7951 -9510
7952 -5877
7953 5877
7954 9510
7955 0
7956 -9510
7957 -5877
7958 5877
7959 9510
7960 0
7961 -9510
7962 -5877
7963 5877
7964 9510
7965 0
7966 -9510
7967 -5877
7968 5877
7969 9510
7970 0
7971 -9510
7972 -5877
7973 5877
7974 9510
7975 0
7976 -9510
7977 -5877
7978 5877
7979 9510
7980 0
7981 -9510
7982 -5877
7983 5877
7984 9510
7985 0
7986 -9510
7987 -5877
7988 5877
7989 9510
7990 0
7991 -9510
7992 -5877
7993 5877
7994 9510
7995 0
7996 -9510
7997 -5877
7998 5877
7999 9510
8000 0
8001 -9510
8002 -5877
8003 5877
8004 9510
8005 0
8006 -9510
8007 -5877
8008 5877
8009 9510
8010 0
8011 -9510
8012 -5877
8013 5877
8014 9510
8015 0
8016 -9510
8017 -5877
8018 5877
8019 9510
8020 0
8021 -9510
8022 -5877
8023 5877
8024 9510
8025 0
8026 -9510
8027 -5877
8028 5877
8029 9510
8030 0
8031 -9510
8032 -5877
8033 5877
8034 9510
8035 0
8036 -9510
8037 -5877
8038 5877
8039 9510
8040 0
8041 -9510
8042 -5877
8043 5877
8044 9510
8045 0
8046 -9510
8047 -5877
8048 5877
8049 9510
8050 0
8051 -9510
8052 -5877
8053 5877
8054 9510
8055 0
8056 -9510
8057 -5877
8058 5877
8059 9510
8060 0
8061 -9510
8062 -5877
8063 5877
8064 9510
8065 0
8066 -9510
8067 -5877
8068 5877
8069 9510
8070 0
8071 -9510
8072 -5877
8073 5877
8074 9510
8075 0
8076 -9510
8077 -5877
8078 5877
8079 9510
8080 0
8081 -9510
8082 -5877
8083 5877
8084 9510
8085 0
8086 -9510
8087 -5877
8088 5877
8089 9510
8090 0
8091 -9510
8092 -5877
8093 5877
8094 9510
8095 0
8096 -9510
8097 -5877
8098 5877
8099 9510
8100 0
8101 -9510
8102 -5877
8103 5877
8104 9510
8105 0
8106 -9510
8107 -5877
8108 5877
8109 9510
8110 0
8111 -9510
8112 -5877
8113 5877
8114 9510
8115 0
8116 -9510
8117 -5877
8118 5877
8119 9510
8120 0
8121 -9510
8122 -5877
8123 5877
8124 9510
8125 0
8126 -9510
8127 -5877
8128 5877
8129 9510
8130 0
8131 -9510
8132 -5877
8133 5877
8134 9510
8135 0
8136 -9510
8137 -5877
8138 5877
8139 9510
8140 0
8141 -9510
8142 -5877
8143 5877
8144 9510
8145 0
8146 -9510
8147 -5877
8148 5877
8149 9510
8150 0
8151 -9510
8152 -5877
8153 5877
8154 9510
8155 0
8156 -9510
8157 -5877
8158 5877
8159 9510
8160 0
8161 -9510
8162 -5877
8163 5877
8164 9510
8165 0
8166 -9510
8167 -5877
8168 5877
8169 9510
8170 0
8171 -9510
8172 -5877
8173 5877
8174 9510
8175 0
8176 -9510
8177 -5877
8178 5877
8179 9510
8180 0
8181 -9510
8182 -5877
8183 5877
8184 9510
8185 0
8186 -9510
8187 -5877
8188 5877
8189 9510
8190 0
8191 -9510
8192 -5877
8193 5877
8194 9510
8195 0
8196 -9510
8197 -5877
8198 5877
8199 9510
8200 0
8201 -9510
8202 -5877
8203 5877
8204 9510
8205 0
8206 -9510
8207 -5877
8208 5877
8209 9510
8210 0
8211 -9510
8212 -5877
8213 5877
8214 9510
8215 0
8216 -9510
8217 -5877
8218 5877
8219 9510
8220 0
8221 -9510
8222 -5877
8223 5877
8224 9510
8225 0
8226 -9510
8227 -5877
8228 5877
8229 9510
8230 0
8231 -9510
8232 -5877
8233 5877
8234 9510
8235 0
8236 -9510
8237 -5877
8238 5877
8239 9510
8240 0
8241 -9510
8242 -5877
8243 5877
8244 9510
8245 0
8246 -9510
8247 -5877
8248 5877
8249 9510
8250 0
8251 -9510
8252 -5877
8253 5877
8254 9510
8255 0
8256 -9510
8257 -5877
8258 5877
8259 9510
8260 0
8261 -9510
8262 -5877
8263 5877
8264 9510
8265 0
8266 -9510
8267 -5877
8268 5877
8269 9510
8270 0
8271 -9510
8272 -5877
8273 5877
8274 9510
8275 0
8276 -9510
8277 -5877
8278 5877
8279 9510
8280 0
8281 -9510
8282 -5877
8283 5877
8284 9510
8285 0
8286 -9510
8287 -5877
8288 5877
8289 9510
8290 0
8291 -9510
8292 -5877
8293 5877
8294 9510
8295 0
8296 -9510
8297 -5877
8298 5877
8299 9510
8300 0
8301 -9510
8302 -5877
8303 5877
8304 9510
8305 0
8306 -9510
8307 -5877
8308 5877
8309 9510
8310 0
8311 -9510
8312 -5877
8313 5877
8314 9510
8315 0
8316 -9510
8317 -5877
8318 5877
8319 9510
8320 0
8321 -9510
8322 -5877
8323 5877
8324 9510
8325 0
8326 -9510
8327 -5877
8328 5877
8329 9510
8330 0
8331 -9510
8332 -5877
8333 5877
8334 9510
8335 0
8336 -9510
8337 -5877
8338 5877
8339 9510
8340 0
8341 -9510
8342 -5877
8343 5877
8344 9510
8345 0
8346 -9510
8347 -5877
8348 5877
8349 9510
8350 0
8351 -9510
8352 -5877
8353 5877
8354 9510
8355 0
8356 -9510
8357 -5877
8358 5877
8359 9510
8360 0
8361 -9510
8362 -5877
8363 5877
8364 9510
8365 0
8366 -9510
8367 -5877
8368 5877
8369 9510
8370 0
8371 -9510
8372 -5877
8373 5877
8374 9510
8375 0
8376 -9510
8377 -5877
8378 5877
8379 9510
8380 0
8381 -9510
8382 -5877
8383 5877
8384 9510
8385 0
8386 -9510
8387 -5877
8388 5877
8389 9510
8390 0
8391 -9510
8392 -5877
8393 5877
8394 9510
8395 0
8396 -9510
8397 -5877
8398 5877
8399 9510
8400 0
8401 -9510
8402 -5877
8403 5877
8404 9510
8405 0
8406 -9510
8407 -5877
8408 5877
8409 9510
8410 0
8411 -9510
8412 -5877
8413 5877
8414 9510
8415 0
8416 -9510
8417 -5877
8418 5877
8419 9510
8420 0
8421 -9510
8422 -5877
8423 5877
8424 9510
8425 0
8426 -9510
8427 -5877
8428 5877
8429 9510
8430 0
8431 -9510
8432 -5877
8433 5877
8434 9510
8435 0
8436 -9510
8437 -5877
8438 5877
8439 9510
8440 0
8441 -9510
8442 -5877
8443 5877
8444 9510
8445 0
8446 -9510
8447 -5877
8448 5877
8449 9510
8450 0
8451 -9510
8452 -5877
8453 5877
8454 9510
8455 0
8456 -9510
8457 -5877
8458 5877
8459 9510
8460 0
8461 -9510
8462 -5877
8463 5877
8464 9510
8465 0
8466 -9510
8467 -5877
8468 5877
8469 9510
8470 0
8471 -9510
8472 -5877
8473 5877
8474 9510
8475 0
8476 -9510
8477 -5877
8478 5877
8479 9510
8480 0
8481 -9510
8482 -5877
8483 5877
8484 9510
8485 0
8486 -9510
8487 -5877
8488 5877
8489 9510
8490 0
8491 -9510
8492 -5877
8493 5877
8494 9510
8495 0
8496 -9510
8497 -5877
8498 5877
8499 9510
8500 0
8501 -9510
8502 -5877
8503 5877
8504 9510
8505 0
8506 -9510
8507 -5877
8508 5877
8509 9510
8510 0
8511 -9510
8512 -5877
8513 5877
8514 9510
8515 0
8516 -9510
8517 -5877
8518 5877
8519 9510
8520 0
8521 -9510
8522 -5877
8523 5877
8524 9510
8525 0
8526 -9510
8527 -5877
8528 5877
8529 9510
8530 0
8531 -9510
8532 -5877
8533 5877
8534 9510
8535 0
8536 -9510
8537 -5877
8538 5877
8539 9510
8540 0
8541 -9510
8542 -5877
8543 5877
8544 9510
8545 0
8546 -9510
8547 -5877
8548 5877
8549 9510
8550 0
8551 -9510
8552 -5877
8553 5877
8554 9510
8555 0
8556 -9510
8557 -5877
8558 5877
8559 9510
8560 0
8561 -9510
8562 -5877
8563 5877
8564 9510
8565 0
8566 -9510
8567 -5877
8568 5877
8569 9510
8570 0
8571 -9510
8572 -5877
8573 5877
8574 9510
8575 0
8576 -9510
8577 -5877
8578 5877
8579 9510
8580 0
8581 -9510
8582 -5877
8583 5877
8584 9510
8585 0
8586 -9510
8587 -5877
8588 5877
8589 9510
8590 0
8591 -9510
8592 -5877
8593 5877
8594 9510
8595 0
8596 -9510
8597 -5877
8598 5877
8599 9510
8600 0
8601 -9510
8602 -5877
8603 5877
8604 9510
8605 0
8606 -9510
8607 -5877
8608 5877
8609 9510
8610 0
8611 -9510
8612 -5877
8613 5877
8614 9510
8615 0
8616 -9510
8617 -5877
8618 5877
8619 9510
8620 0
8621 -9510
8622 -5877
8623 5877
8624 9510
8625 0
8626 -9510
8627 -5877
8628 5877
8629 9510
8630 0
8631 -9510
8632 -5877
8633 5877
8634 9510
8635 0
8636 -9510
8637 -5877
8638 5877
8639 9510
8640 0
8641 -9510
8642 -5877
8643 5877
8644 9510
8645 0
8646 -9510
8647 -5877
8648 5877
8649 9510
8650 0
8651 -9510
8652 -5877
8653 5877
8654 9510
8655 0
8656 -9510
8657 -5877
8658 5877
8659 9510
8660 0
8661 -9510
8662 -5877
8663 5877
8664 9510
8665 0
8666 -9510
8667 -5877
8668 5877
8669 9510
8670 0
8671 -9510
8672 -5877
8673 5877
8674 9510
8675 0
8676 -9510
8677 -5877
8678 5877
8679 9510
8680 0
8681 -9510
8682 -5877
8683 5877
8684 9510
8685 0
8686 -9510
8687 -5877
8688 5877
8689 9510
8690 0
8691 -9510
8692 -5877
8693 5877
8694 9510
8695 0
8696 -9510
8697 -5877
8698 5877
8699 9510
8700 0
8701 -9510
8702 -5877
8703 5877
8704 9510
8705 0
8706 -9510
8707 -5877
8708 5877
8709 9510
8710 0
8711 -9510
8712 -5877
8713 5877
8714 9510
8715 0
8716 -9510
8717 -5877
8718 5877
8719 9510
8720 0
8721 -9510
8722 -5877
8723 5877
8724 9510
8725 0
8726 -9510
8727 -5877
8728 5877
8729 9510
8730 0
8731 -9510
8732 -5877
8733 5877
8734 9510
8735 0
8736 -9510
8737 -5877
8738 5877
8739 9510
8740 0
8741 -9510
8742 -5877
8743 5877
8744 9510
8745 0
8746 -9510
8747 -5877
8748 5877
8749 9510
8750 0
8751 -9510
8752 -5877
8753 5877
8754 9510
8755 0
8756 -9510
8757 -5877
8758 5877
8759 9510
8760 0
8761 -9510
8762 -5877
8763 5877
8764 9510
8765 0
8766 -9510
8767 -5877
8768 5877
8769 9510
8770 0
8771 -9510
8772 -5877
8773 5877
8774 9510
8775 0
8776 -9510
8777 -5877
8778 5877
8779 9510
8780 0
8781 -9510
8782 -5877
8783 5877
8784 9510
8785 0
8786 -9510
8787 -5877
8788 5877
8789 9510
8790 0
8791 -9510
8792 -5877
8793 5877
8794 9510
8795 0
8796 -9510
8797 -5877
8798 5877
8799 9510
8800 0
8801 -9510
8802 -5877
8803 5877
8804 9510
8805 0
8806 -9510
8807 -5877
8808 5877
8809 9510
8810 0
8811 -9510
8812 -5877
8813 5877
8814 9510
8815 0
8816 -9510
8817 -5877
8818 5877
8819 9510
